
0.00000
0.00000
0.00004
-0.00001
-0.00010
-0.00028
-0.00042
-0.00054
-0.00063
-0.00066
-0.00078
-0.00090
-0.00117
-0.00139
-0.00156
-0.00160
-0.00163
-0.00178
-0.00201
-0.00234
-0.00259
-0.00273
-0.00278
-0.00286
-0.00303
-0.00327
-0.00360
-0.00389
-0.00406
-0.00413
-0.00420
-0.00435
-0.00464
-0.00491
-0.00516
-0.00531
-0.00539
-0.00553
-0.00569
-0.00591
-0.00620
-0.00640
-0.00651
-0.00661
-0.00672
-0.00695
-0.00713
-0.00737
-0.00752
-0.00758
-0.00766
-0.00779
-0.00798
-0.00818
-0.00836
-0.00847
-0.00849
-0.00854
-0.00866
-0.00884
-0.00902
-0.00912
-0.00920
-0.00924
-0.00927
-0.00937
-0.00952
-0.00955
-0.00965
-0.00973
-0.00972
-0.00977
-0.00982
-0.00992
-0.00996
-0.01004
-0.01007
-0.01007
-0.01008
-0.01014
-0.01019
-0.01021
-0.01019
-0.01019
-0.01016
-0.01014
-0.01013
-0.01013
-0.01008
-0.01011
-0.01008
-0.01003
-0.00998
-0.00993
-0.00989
-0.00985
-0.00982
-0.00976
-0.00964
-0.00958
-0.00948
-0.00941
-0.00934
-0.00923
-0.00915
-0.00902
-0.00888
-0.00880
-0.00873
-0.00858
-0.00848
-0.00832
-0.00818
-0.00801
-0.00790
-0.00777
-0.00761
-0.00746
-0.00724
-0.00707
-0.00685
-0.00665
-0.00643
-0.00621
-0.00596
-0.00568
-0.00544
-0.00515
-0.00487
-0.00462
-0.00433
-0.00403
-0.00371
-0.00341
-0.00307
-0.00283
-0.00251
-0.00222
-0.00187
-0.00162
-0.00130
-0.00101
-0.00073
-0.00045
-0.00022
0.00005
0.00031
0.00047
0.00070
0.00086
0.00104
0.00116
0.00134
0.00146
0.00156
0.00168
0.00172
0.00175
0.00178
0.00181
0.00183
0.00187
0.00182
0.00175
0.00169
0.00163
0.00158
0.00149
0.00145
0.00130
0.00117
0.00106
0.00093
0.00075
0.00063
0.00050
0.00034
0.00018
0.00006
-0.00012
-0.00030
-0.00043
-0.00061
-0.00073
-0.00087
-0.00106
-0.00121
-0.00139
-0.00151
-0.00165
-0.00183
-0.00201
-0.00217
-0.00233
-0.00246
-0.00261
-0.00281
-0.00295
-0.00315
-0.00331
-0.00352
-0.00371
-0.00388
-0.00412
-0.00434
-0.00451
-0.00477
-0.00493
-0.00517
-0.00539
-0.00561
-0.00591
-0.00608
-0.00632
-0.00651
-0.00669
-0.00687
-0.00701
-0.00720
-0.00735
-0.00743
-0.00754
-0.00760
-0.00771
-0.00777
-0.00781
-0.00781
-0.00778
-0.00774
-0.00767
-0.00765
-0.00754
-0.00749
-0.00737
-0.00725
-0.00710
-0.00699
-0.00684
-0.00668
-0.00651
-0.00635
-0.00620
-0.00599
-0.00585
-0.00572
-0.00556
-0.00539
-0.00524
-0.00509
-0.00496
-0.00484
-0.00469
-0.00461
-0.00447
-0.00436
-0.00429
-0.00419
-0.00411
-0.00401
-0.00396
-0.00392
-0.00385
-0.00376
-0.00370
-0.00374
-0.00363
-0.00360
-0.00357
-0.00354
-0.00351
-0.00348
-0.00345
-0.00342
-0.00337
-0.00332
-0.00330
-0.00321
-0.00320
-0.00316
-0.00314
-0.00304
-0.00296
-0.00290
-0.00280
-0.00265
-0.00259
-0.00246
-0.00231
-0.00219
-0.00203
-0.00188
-0.00165
-0.00145
-0.00126
-0.00108
-0.00081
-0.00063
-0.00034
-0.00006
0.00017
0.00045
0.00072
0.00102
0.00131
0.00159
0.00187
0.00218
0.00247
0.00273
0.00302
0.00332
0.00361
0.00387
0.00411
0.00441
0.00461
0.00486
0.00510
0.00533
0.00553
0.00575
0.00594
0.00615
0.00627
0.00645
0.00666
0.00676
0.00688
0.00701
0.00714
0.00727
0.00736
0.00752
0.00759
0.00769
0.00777
0.00789
0.00797
0.00807
0.00812
0.00822
0.00832
0.00836
0.00843
0.00853
0.00863
0.00872
0.00883
0.00888
0.00896
0.00905
0.00909
0.00918
0.00925
0.00929
0.00931
0.00940
0.00940
0.00942
0.00942
0.00947
0.00945
0.00943
0.00939
0.00934
0.00930
0.00920
0.00913
0.00900
0.00887
0.00877
0.00864
0.00849
0.00835
0.00816
0.00798
0.00778
0.00764
0.00747
0.00728
0.00716
0.00697
0.00679
0.00668
0.00654
0.00645
0.00637
0.00633
0.00626
0.00623
0.00626
0.00630
0.00631
0.00639
0.00643
0.00658
0.00666
0.00684
0.00698
0.00718
0.00737
0.00756
0.00781
0.00802
0.00822
0.00843
0.00867
0.00891
0.00916
0.00942
0.00965
0.00987
0.01011
0.01028
0.01051
0.01071
0.01094
0.01112
0.01129
0.01149
0.01166
0.01183
0.01204
0.01212
0.01230
0.01246
0.01261
0.01273
0.01292
0.01300
0.01317
0.01335
0.01345
0.01359
0.01371
0.01385
0.01400
0.01413
0.01425
0.01444
0.01454
0.01472
0.01485
0.01500
0.01515
0.01527
0.01549
0.01565
0.01585
0.01597
0.01615
0.01629
0.01655
0.01673
0.01695
0.01711
0.01736
0.01760
0.01779
0.01799
0.01821
0.01848
0.01869
0.01893
0.01918
0.01947
0.01972
0.01997
0.02020
0.02048
0.02073
0.02103
0.02130
0.02156
0.02182
0.02207
0.02238
0.02259
0.02281
0.02308
0.02333
0.02359
0.02378
0.02402
0.02423
0.02446
0.02468
0.02484
0.02503
0.02523
0.02540
0.02558
0.02575
0.02590
0.02609
0.02618
0.02633
0.02644
0.02657
0.02666
0.02673
0.02685
0.02688
0.02698
0.02702
0.02707
0.02708
0.02711
0.02713
0.02713
0.02710
0.02706
0.02708
0.02706
0.02705
0.02700
0.02696
0.02691
0.02684
0.02683
0.02675
0.02669
0.02662
0.02655
0.02650
0.02643
0.02638
0.02624
0.02619
0.02609
0.02602
0.02590
0.02583
0.02574
0.02555
0.02544
0.02525
0.02509
0.02491
0.02473
0.02450
0.02428
0.02406
0.02382
0.02357
0.02330
0.02303
0.02283
0.02250
0.02226
0.02197
0.02175
0.02149
0.02123
0.02101
0.02083
0.02065
0.02050
0.02039
0.02027
0.02016
0.02011
0.02013
0.02011
0.02016
0.02025
0.02035
0.02048
0.02064
0.02079
0.02101
0.02122
0.02147
0.02171
0.02196
0.02227
0.02257
0.02290
0.02318
0.02352
0.02387
0.02414
0.02452
0.02480
0.02517
0.02552
0.02580
0.02612
0.02643
0.02679
0.02706
0.02737
0.02765
0.02794
0.02824
0.02851
0.02876
0.02900
0.02929
0.02952
0.02979
0.02999
0.03023
0.03049
0.03065
0.03087
0.03108
0.03127
0.03149
0.03167
0.03185
0.03206
0.03224
0.03240
0.03265
0.03280
0.03302
0.03322
0.03343
0.03362
0.03380
0.03408
0.03425
0.03453
0.03474
0.03502
0.03526
0.03555
0.03581
0.03612
0.03639
0.03664
0.03698
0.03728
0.03761
0.03797
0.03829
0.03865
0.03893
0.03931
0.03965
0.04001
0.04035
0.04073
0.04104
0.04140
0.04171
0.04203
0.04239
0.04269
0.04298
0.04326
0.04356
0.04382
0.04404
0.04432
0.04455
0.04474
0.04497
0.04516
0.04532
0.04546
0.04560
0.04573
0.04586
0.04599
0.04601
0.04607
0.04612
0.04610
0.04610
0.04611
0.04603
0.04593
0.04590
0.04581
0.04568
0.04556
0.04539
0.04517
0.04500
0.04482
0.04459
0.04435
0.04408
0.04383
0.04358
0.04327
0.04296
0.04263
0.04236
0.04203
0.04166
0.04128
0.04096
0.04053
0.04012
0.03974
0.03936
0.03896
0.03849
0.03808
0.03761
0.03715
0.03668
0.03620
0.03575
0.03526
0.03479
0.03430
0.03383
0.03334
0.03293
0.03245
0.03206
0.03168
0.03127
0.03092
0.03058
0.03027
0.03001
0.02978
0.02958
0.02943
0.02928
0.02922
0.02915
0.02916
0.02918
0.02921
0.02930
0.02939
0.02957
0.02972
0.02992
0.03012
0.03030
0.03054
0.03078
0.03106
0.03129
0.03152
0.03180
0.03204
0.03230
0.03252
0.03273
0.03299
0.03320
0.03338
0.03359
0.03376
0.03389
0.03403
0.03419
0.03434
0.03442
0.03457
0.03464
0.03471
0.03480
0.03491
0.03501
0.03508
0.03511
0.03520
0.03526
0.03529
0.03542
0.03546
0.03553
0.03563
0.03568
0.03576
0.03582
0.03590
0.03600
0.03615
0.03622
0.03632
0.03648
0.03659
0.03676
0.03689
0.03704
0.03722
0.03748
0.03771
0.03797
0.03818
0.03847
0.03874
0.03912
0.03944
0.03980
0.04021
0.04058
0.04103
0.04145
0.04187
0.04237
0.04286
0.04336
0.04389
0.04433
0.04487
0.04541
0.04589
0.04639
0.04689
0.04740
0.04790
0.04836
0.04885
0.04927
0.04970
0.05015
0.05054
0.05090
0.05128
0.05155
0.05188
0.05213
0.05240
0.05263
0.05279
0.05295
0.05312
0.05322
0.05332
0.05340
0.05338
0.05343
0.05340
0.05335
0.05328
0.05324
0.05305
0.05297
0.05281
0.05265
0.05250
0.05229
0.05207
0.05183
0.05166
0.05140
0.05113
0.05087
0.05063
0.05038
0.05013
0.04988
0.04961
0.04936
0.04911
0.04881
0.04856
0.04831
0.04808
0.04783
0.04755
0.04728
0.04701
0.04672
0.04647
0.04617
0.04587
0.04557
0.04524
0.04494
0.04468
0.04442
0.04410
0.04384
0.04357
0.04332
0.04311
0.04292
0.04271
0.04261
0.04253
0.04245
0.04244
0.04243
0.04252
0.04264
0.04278
0.04297
0.04320
0.04350
0.04379
0.04416
0.04454
0.04495
0.04542
0.04586
0.04636
0.04687
0.04741
0.04790
0.04845
0.04896
0.04944
0.04996
0.05046
0.05091
0.05138
0.05180
0.05221
0.05263
0.05296
0.05332
0.05364
0.05392
0.05419
0.05443
0.05465
0.05484
0.05501
0.05514
0.05527
0.05533
0.05545
0.05552
0.05561
0.05565
0.05570
0.05572
0.05572
0.05576
0.05576
0.05579
0.05574
0.05570
0.05570
0.05569
0.05566
0.05561
0.05560
0.05559
0.05558
0.05557
0.05549
0.05547
0.05545
0.05540
0.05543
0.05538
0.05537
0.05540
0.05538
0.05535
0.05536
0.05539
0.05534
0.05538
0.05537
0.05538
0.05542
0.05548
0.05547
0.05556
0.05560
0.05571
0.05577
0.05579
0.05592
0.05606
0.05609
0.05622
0.05636
0.05643
0.05655
0.05664
0.05675
0.05680
0.05688
0.05691
0.05693
0.05698
0.05697
0.05699
0.05698
0.05684
0.05674
0.05661
0.05648
0.05629
0.05610
0.05586
0.05557
0.05529
0.05495
0.05460
0.05423
0.05381
0.05339
0.05297
0.05250
0.05194
0.05143
0.05087
0.05033
0.04978
0.04916
0.04856
0.04796
0.04732
0.04672
0.04611
0.04546
0.04482
0.04421
0.04359
0.04299
0.04236
0.04179
0.04122
0.04066
0.04008
0.03953
0.03898
0.03848
0.03800
0.03752
0.03702
0.03654
0.03608
0.03561
0.03519
0.03479
0.03437
0.03397
0.03359
0.03322
0.03285
0.03250
0.03213
0.03182
0.03144
0.03118
0.03086
0.03060
0.03035
0.03014
0.02990
0.02974
0.02960
0.02945
0.02937
0.02928
0.02925
0.02924
0.02927
0.02931
0.02939
0.02950
0.02962
0.02978
0.02993
0.03006
0.03027
0.03043
0.03064
0.03080
0.03103
0.03115
0.03133
0.03146
0.03156
0.03168
0.03175
0.03179
0.03185
0.03186
0.03181
0.03179
0.03171
0.03161
0.03151
0.03132
0.03120
0.03099
0.03077
0.03054
0.03025
0.02999
0.02968
0.02933
0.02897
0.02862
0.02825
0.02788
0.02747
0.02703
0.02665
0.02614
0.02573
0.02527
0.02485
0.02435
0.02389
0.02343
0.02296
0.02247
0.02200
0.02152
0.02106
0.02062
0.02014
0.01974
0.01931
0.01888
0.01848
0.01813
0.01777
0.01744
0.01714
0.01688
0.01661
0.01638
0.01620
0.01601
0.01587
0.01575
0.01568
0.01567
0.01563
0.01562
0.01567
0.01569
0.01577
0.01589
0.01602
0.01612
0.01626
0.01646
0.01660
0.01680
0.01697
0.01718
0.01732
0.01752
0.01768
0.01786
0.01806
0.01818
0.01831
0.01845
0.01848
0.01855
0.01862
0.01868
0.01866
0.01864
0.01856
0.01848
0.01839
0.01820
0.01806
0.01787
0.01764
0.01736
0.01709
0.01677
0.01645
0.01611
0.01578
0.01535
0.01498
0.01460
0.01417
0.01378
0.01335
0.01295
0.01251
0.01212
0.01175
0.01135
0.01099
0.01065
0.01035
0.00996
0.00964
0.00938
0.00911
0.00893
0.00870
0.00853
0.00835
0.00818
0.00807
0.00794
0.00787
0.00783
0.00778
0.00771
0.00764
0.00763
0.00760
0.00760
0.00760
0.00757
0.00757
0.00758
0.00755
0.00758
0.00761
0.00764
0.00768
0.00773
0.00779
0.00786
0.00796
0.00810
0.00823
0.00840
0.00863
0.00882
0.00914
0.00939
0.00973
0.01006
0.01045
0.01084
0.01124
0.01170
0.01213
0.01258
0.01307
0.01349
0.01396
0.01435
0.01481
0.01526
0.01564
0.01604
0.01643
0.01673
0.01699
0.01725
0.01748
0.01768
0.01788
0.01798
0.01806
0.01816
0.01821
0.01816
0.01814
0.01802
0.01791
0.01779
0.01761
0.01745
0.01722
0.01700
0.01676
0.01642
0.01614
0.01582
0.01549
0.01519
0.01483
0.01449
0.01414
0.01381
0.01347
0.01316
0.01280
0.01248
0.01212
0.01187
0.01155
0.01125
0.01102
0.01075
0.01057
0.01034
0.01009
0.00996
0.00978
0.00965
0.00955
0.00943
0.00937
0.00929
0.00923
0.00919
0.00915
0.00915
0.00917
0.00924
0.00923
0.00933
0.00933
0.00940
0.00949
0.00953
0.00963
0.00975
0.00986
0.00995
0.01009
0.01020
0.01033
0.01044
0.01052
0.01062
0.01075
0.01082
0.01096
0.01104
0.01105
0.01113
0.01113
0.01114
0.01115
0.01114
0.01115
0.01106
0.01093
0.01083
0.01068
0.01053
0.01036
0.01007
0.00987
0.00964
0.00927
0.00894
0.00861
0.00823
0.00789
0.00744
0.00705
0.00664
0.00617
0.00570
0.00526
0.00479
0.00431
0.00382
0.00336
0.00287
0.00242
0.00194
0.00149
0.00104
0.00067
0.00024
-0.00011
-0.00047
-0.00081
-0.00112
-0.00137
-0.00169
-0.00189
-0.00207
-0.00225
-0.00240
-0.00251
-0.00266
-0.00272
-0.00285
-0.00287
-0.00291
-0.00294
-0.00298
-0.00300
-0.00303
-0.00302
-0.00304
-0.00303
-0.00304
-0.00304
-0.00307
-0.00307
-0.00309
-0.00311
-0.00311
-0.00310
-0.00307
-0.00302
-0.00300
-0.00300
-0.00292
-0.00281
-0.00274
-0.00264
-0.00249
-0.00233
-0.00214
-0.00193
-0.00170
-0.00145
-0.00118
-0.00086
-0.00054
-0.00022
0.00014
0.00052
0.00089
0.00122
0.00160
0.00195
0.00232
0.00267
0.00303
0.00337
0.00369
0.00400
0.00425
0.00452
0.00476
0.00497
0.00516
0.00531
0.00545
0.00554
0.00567
0.00571
0.00578
0.00578
0.00581
0.00578
0.00569
0.00567
0.00564
0.00551
0.00546
0.00532
0.00525
0.00512
0.00502
0.00488
0.00480
0.00469
0.00455
0.00448
0.00432
0.00421
0.00414
0.00406
0.00401
0.00387
0.00382
0.00378
0.00371
0.00363
0.00357
0.00359
0.00355
0.00354
0.00352
0.00353
0.00353
0.00356
0.00359
0.00364
0.00367
0.00379
0.00385
0.00392
0.00403
0.00410
0.00424
0.00435
0.00447
0.00462
0.00472
0.00484
0.00498
0.00510
0.00523
0.00528
0.00537
0.00549
0.00554
0.00556
0.00561
0.00560
0.00563
0.00563
0.00563
0.00557
0.00552
0.00544
0.00536
0.00531
0.00520
0.00507
0.00496
0.00482
0.00468
0.00447
0.00433
0.00421
0.00401
0.00381
0.00355
0.00330
0.00309
0.00281
0.00256
0.00229
0.00199
0.00165
0.00130
0.00094
0.00056
0.00021
-0.00018
-0.00060
-0.00105
-0.00147
-0.00194
-0.00241
-0.00285
-0.00332
-0.00379
-0.00426
-0.00474
-0.00519
-0.00566
-0.00610
-0.00649
-0.00693
-0.00734
-0.00775
-0.00809
-0.00843
-0.00873
-0.00904
-0.00930
-0.00955
-0.00976
-0.00997
-0.01014
-0.01029
-0.01046
-0.01057
-0.01065
-0.01076
-0.01077
-0.01086
-0.01089
-0.01096
-0.01096
-0.01098
-0.01104
-0.01098
-0.01094
-0.01092
-0.01091
-0.01084
-0.01080
-0.01071
-0.01057
-0.01049
-0.01037
-0.01022
-0.01010
-0.00992
-0.00978
-0.00956
-0.00935
-0.00914
-0.00889
-0.00868
-0.00835
-0.00807
-0.00781
-0.00752
-0.00717
-0.00690
-0.00657
-0.00621
-0.00589
-0.00554
-0.00520
-0.00486
-0.00451
-0.00422
-0.00382
-0.00351
-0.00317
-0.00279
-0.00250
-0.00218
-0.00186
-0.00153
-0.00125
-0.00094
-0.00065
-0.00037
-0.00010
0.00016
0.00042
0.00067
0.00090
0.00112
0.00140
0.00161
0.00182
0.00197
0.00216
0.00237
0.00249
0.00265
0.00281
0.00296
0.00309
0.00320
0.00335
0.00348
0.00357
0.00371
0.00384
0.00397
0.00412
0.00426
0.00437
0.00454
0.00466
0.00483
0.00498
0.00517
0.00534
0.00553
0.00568
0.00582
0.00594
0.00608
0.00627
0.00641
0.00653
0.00663
0.00674
0.00684
0.00694
0.00700
0.00713
0.00715
0.00723
0.00725
0.00730
0.00735
0.00737
0.00739
0.00742
0.00747
0.00747
0.00754
0.00760
0.00761
0.00770
0.00772
0.00783
0.00792
0.00803
0.00807
0.00823
0.00830
0.00841
0.00852
0.00864
0.00876
0.00884
0.00893
0.00906
0.00911
0.00919
0.00924
0.00924
