
0.00000
0.00000
0.02653
0.16545
0.41069
0.68838
0.92314
1.08061
1.17997
1.26897
1.38835
1.55031
1.74046
1.93200
2.10749
2.25712
2.38397
2.49857
2.61342
2.73479
2.85940
2.98833
3.12485
3.26489
3.39716
3.50525
3.57987
3.63376
3.69533
3.78573
3.90227
4.02013
4.11135
4.16317
4.18275
4.19263
4.21883
4.27299
4.34192
4.40087
4.43226
4.43345
4.41497
4.39282
4.37751
4.37610
4.38114
4.37819
4.35580
4.31633
4.26235
4.19778
4.13105
4.07165
4.01781
3.96507
3.90031
3.81766
3.71951
3.61249
3.50531
3.40255
3.30282
3.20073
3.09019
2.97018
2.84268
2.70689
2.56478
2.42092
2.27920
2.14057
2.00351
1.86282
1.71334
1.55188
1.38398
1.21604
1.05256
0.89734
0.74724
0.59171
0.42597
0.25078
0.07237
-0.10034
-0.26389
-0.42098
-0.57633
-0.73639
-0.90281
-1.07223
-1.23875
-1.40056
-1.55477
-1.70451
-1.85188
-1.99973
-2.14863
-2.29311
-2.43323
-2.57216
-2.70807
-2.83772
-2.96149
-3.07990
-3.19265
-3.30138
-3.40951
-3.51655
-3.61837
-3.71331
-3.79828
-3.87413
-3.94512
-4.01483
-4.08245
-4.14604
-4.20172
-4.24758
-4.28470
-4.31520
-4.34384
-4.36901
-4.38716
-4.39879
-4.40420
-4.40280
-4.39313
-4.37418
-4.35076
-4.32465
-4.29559
-4.25915
-4.21476
-4.16390
-4.10638
-4.04120
-3.96970
-3.89321
-3.81311
-3.73088
-3.64427
-3.54959
-3.44720
-3.33830
-3.22708
-3.11312
-2.99458
-2.87124
-2.74284
-2.61167
-2.47725
-2.33898
-2.19604
-2.04990
-1.90136
-1.74970
-1.59651
-1.44210
-1.28675
-1.12871
-0.96589
-0.79944
-0.63301
-0.46986
-0.30736
-0.14404
0.02031
0.18783
0.35677
0.52519
0.69032
0.85203
1.01249
1.17074
1.32966
1.48975
1.64868
1.80227
1.95041
2.09511
2.23998
2.38459
2.52434
2.65718
2.78548
2.91239
3.03742
3.15877
3.27380
3.38252
3.48320
3.58035
3.67305
3.76411
3.85125
3.93191
4.00411
4.06870
4.12602
4.17978
4.23077
4.27792
4.31735
4.34832
4.37285
4.39069
4.40318
4.40956
4.40937
4.40518
4.39483
4.37778
4.35202
4.32025
4.28263
4.23997
4.19043
4.13407
4.07426
4.00870
3.93760
3.85857
3.77473
3.68471
3.59045
3.49175
3.38776
3.27884
3.16449
3.04585
2.92387
2.79844
2.66710
2.53075
2.39110
2.24867
2.10494
1.95956
1.81146
1.65823
1.49956
1.33896
1.17897
1.02027
0.86058
0.69858
0.53280
0.36488
0.19626
0.02972
-0.13492
-0.29839
-0.46314
-0.63089
-0.79692
-0.96090
-1.12168
-1.27917
-1.43473
-1.59075
-1.74628
-1.90064
-2.05221
-2.19559
-2.33404
-2.47099
-2.60824
-2.74162
-2.87074
-2.99403
-3.11358
-3.22889
-3.34039
-3.44647
-3.54615
-3.63929
-3.72825
-3.81462
-3.89775
-3.97529
-4.04662
-4.10930
-4.16261
-4.21054
-4.25409
-4.29398
-4.33033
-4.36208
-4.38630
-4.40081
-4.40502
-4.40298
-4.39525
-4.38618
-4.37459
-4.35812
-4.33246
-4.29557
-4.24989
-4.19841
-4.14340
-4.08578
-4.02554
-3.96041
-3.88864
-3.80581
-3.71410
-3.61760
-3.51802
-3.41673
-3.31305
-3.20533
-3.09106
-2.97131
-2.84418
-2.71278
-2.57709
-2.44009
-2.30259
-2.16170
-2.01694
-1.86878
-1.71801
-1.56436
-1.40571
-1.24451
-1.08271
-0.92247
-0.76311
-0.60200
-0.43852
-0.27178
-0.10162
0.06857
0.23445
0.39644
0.55699
0.71837
0.88312
1.04751
1.21188
1.37291
1.52925
1.68086
1.82996
1.97733
2.12389
2.26869
2.41199
2.55211
2.68739
2.81592
2.93864
3.05706
3.17132
3.28332
3.39525
3.50222
3.60176
3.69450
3.77939
3.85793
3.93244
4.00445
4.07199
4.13535
4.19054
4.23807
4.27756
4.31093
4.34005
4.36420
4.38296
4.39553
4.40228
4.40298
4.39338
4.37530
4.35372
4.32868
4.29934
4.26362
4.22136
4.16997
4.10976
4.04527
3.97809
3.90715
3.83021
3.74658
3.65630
3.55914
3.45610
3.35007
3.24105
3.12885
3.01153
2.88788
2.75976
2.62642
2.48942
2.35046
2.20795
2.06410
1.91768
1.76906
1.61512
1.45756
1.29806
1.13645
0.97364
0.81090
0.64762
0.48680
0.32356
0.15645
-0.01215
-0.18276
-0.35141
-0.51669
-0.67810
-0.83770
-0.99832
-1.15990
-1.32228
-1.48323
-1.64143
-1.79454
-1.94144
-2.08507
-2.22773
-2.37043
-2.51094
-2.64801
-2.78269
-2.91243
-3.03417
-3.14825
-3.25804
-3.36576
-3.47279
-3.57843
-3.67976
-3.77158
-3.85244
-3.92699
-3.99639
-4.06308
-4.12776
-4.18832
-4.24245
-4.28857
-4.32538
-4.35389
-4.37634
-4.39420
-4.40853
-4.41809
-4.42215
-4.41754
-4.40652
-4.38740
-4.36156
-4.32800
-4.28999
-4.24821
-4.20337
-4.15262
-4.09507
-4.02841
-3.95179
-3.87015
-3.78619
-3.69921
-3.60887
-3.51488
-3.41345
-3.30466
-3.18939
-3.06902
-2.94579
-2.81888
-2.69084
-2.56201
-2.43004
-2.29040
-2.14267
-1.99175
-1.83799
-1.68513
-1.53263
-1.38056
-1.22563
-1.06664
-0.90290
-0.73587
-0.56947
-0.40229
-0.23769
-0.07438
0.08897
0.25306
0.41841
0.58403
0.74980
0.91422
1.07892
1.23905
1.39410
1.54557
1.69733
1.84887
1.99998
2.14983
2.29504
2.43613
2.56982
2.69916
2.82483
2.94924
3.07171
3.19039
3.30427
3.41298
3.51373
3.60914
3.69782
3.78330
3.86438
3.94135
4.01401
4.08027
4.13820
4.18994
4.23510
4.27405
4.30750
4.33597
4.35987
4.37882
4.39043
4.39555
4.39125
4.37850
4.36025
4.33875
4.31528
4.28603
4.24923
4.20172
4.14670
4.08567
4.02069
3.95241
3.87985
3.80313
3.72005
3.62947
3.53049
3.42472
3.31600
3.20476
3.09183
2.97720
2.85646
2.72727
2.59132
2.45060
2.30856
2.16705
2.02288
1.87644
1.72730
1.57454
1.41728
1.25500
1.09022
0.92701
0.76531
0.60548
0.44430
0.28085
0.11213
-0.05870
-0.22843
-0.39538
-0.56101
-0.72315
-0.88172
-1.04145
-1.20317
-1.36663
-1.52984
-1.68780
-1.83961
-1.98626
-2.13002
-2.27240
-2.41442
-2.55609
-2.69539
-2.82815
-2.95388
-3.07266
-3.18768
-3.30033
-3.40989
-3.51638
-3.61828
-3.71604
-3.80453
-3.88482
-3.95934
-4.03003
-4.09727
-4.16045
-4.21941
-4.26943
-4.31162
-4.34671
-4.37622
-4.39959
-4.41580
-4.42712
-4.43560
-4.43943
-4.43576
-4.42150
-4.39721
-4.36669
-4.33303
-4.29883
-4.25966
-4.21446
-4.16009
-4.09701
-4.02589
-3.94870
-3.86817
-3.78694
-3.70240
-3.61251
-3.51416
-3.40855
-3.29520
-3.17748
-3.05727
-2.93623
-2.81334
-2.68640
-2.55221
-2.41254
-2.26680
-2.11922
-1.97142
-1.82292
-1.67222
-1.51710
-1.35938
-1.19916
-1.03794
-0.87549
-0.71153
-0.54603
-0.37881
-0.21459
-0.05101
0.11363
0.28061
0.44714
0.61322
0.77895
0.94105
1.10033
1.25824
1.41581
1.57235
1.72738
1.88021
2.02809
2.17330
2.31351
2.45115
2.58681
2.72069
2.85020
2.97560
3.09486
3.20873
3.31725
3.42281
3.52374
3.62058
3.71232
3.79978
3.88137
3.95533
4.02240
4.08292
4.13852
4.18893
4.23605
4.27870
4.31571
4.34379
4.36192
4.37363
4.37930
4.37977
4.37807
4.37273
4.36107
4.33923
4.30829
4.26913
4.22573
4.17929
4.12840
4.07317
4.01117
3.94225
3.86513
3.78063
3.69052
3.59651
3.49974
3.40043
3.29655
3.18714
3.07125
2.94737
2.81692
2.68474
2.55256
2.41838
2.28138
2.14147
1.99582
1.84285
1.68716
1.52945
1.37180
1.21597
1.05910
0.90042
0.73699
0.56970
0.40037
0.23323
0.06933
-0.09476
-0.25966
-0.42589
-0.59192
-0.75684
-0.92039
-1.08210
-1.24333
-1.40260
-1.55938
-1.71422
-1.86544
-2.01483
-2.16141
-2.30557
-2.44744
-2.58585
-2.71938
-2.84840
-2.97309
-3.09295
-3.20914
-3.32292
-3.43248
-3.53671
-3.63343
-3.72354
-3.81079
-3.89333
-3.97104
-4.04273
-4.10732
-4.16516
-4.21763
-4.26560
-4.30675
-4.34241
-4.37340
-4.39735
-4.41460
-4.42374
-4.42609
-4.42343
-4.41660
-4.40520
-4.38640
-4.35947
-4.32504
-4.28483
-4.23952
-4.18891
-4.13285
-4.07143
-4.00408
-3.93015
-3.85149
-3.76580
-3.67655
-3.58188
-3.48210
-3.37668
-3.26710
-3.15392
-3.03659
-2.91357
-2.78534
-2.65215
-2.51612
-2.37782
-2.23743
-2.09419
-1.94759
-1.79684
-1.64160
-1.48344
-1.32462
-1.16613
-1.00811
-0.84815
-0.68597
-0.51966
-0.35165
-0.18412
-0.01850
0.14570
0.30940
0.47380
0.63846
0.80224
0.96579
1.12733
1.28778
1.44417
1.59802
1.75024
1.90126
2.05001
2.19420
2.33576
2.47399
2.60832
2.74031
2.86776
2.98996
3.10645
3.21866
3.32904
3.43497
3.53504
3.63106
3.72246
3.80571
3.88211
3.95290
4.02081
4.08499
4.14323
4.19443
4.23745
4.27462
4.30534
4.33117
4.35132
4.36544
4.37385
4.37589
4.37101
4.35994
4.34282
4.31881
4.28864
4.25176
4.20960
4.16243
4.10926
4.05022
3.98456
3.91306
3.83434
3.74990
3.66100
3.56760
3.47112
3.37024
3.26293
3.14781
3.02679
2.90139
2.77408
2.64616
2.51596
2.38130
2.24090
2.09385
1.94165
1.78940
1.63636
1.48453
1.33005
1.17202
1.01104
0.84696
0.68167
0.51548
0.34954
0.18373
0.01902
-0.14611
-0.31029
-0.47562
-0.64090
-0.80805
-0.97393
-1.13644
-1.29486
-1.45056
-1.60494
-1.75935
-1.91304
-2.06412
-2.21220
-2.35589
-2.49449
-2.62805
-2.76000
-2.88961
-3.01470
-3.13642
-3.25247
-3.36501
-3.47233
-3.57440
-3.67103
-3.76129
-3.84544
-3.92657
-4.00378
-4.07626
-4.14180
-4.20075
-4.25136
-4.29554
-4.33308
-4.36682
-4.39609
-4.42138
-4.43976
-4.44893
-4.45027
-4.44331
-4.43062
-4.41551
-4.39698
-4.37284
-4.33902
-4.29625
-4.24757
-4.19541
-4.13684
-4.07255
-4.00427
-3.92968
-3.84909
-3.76297
-3.67113
-3.57468
-3.47155
-3.36508
-3.25344
-3.13802
-3.01889
-2.89540
-2.76623
-2.63328
-2.49592
-2.35479
-2.21138
-2.06736
-1.91976
-1.76750
-1.61146
-1.45369
-1.29359
-1.13316
-0.97274
-0.81093
-0.64809
-0.48082
-0.31241
-0.14473
0.02248
0.18623
0.35155
0.51655
0.68174
0.84715
1.01206
1.17437
1.33358
1.48833
1.64149
1.79355
1.94525
2.09523
2.24140
2.38215
2.51737
2.65041
2.78035
2.90863
3.03173
3.14828
3.25980
3.36859
3.47449
3.57564
3.66914
3.75551
3.83592
3.91225
3.98524
4.05358
4.11613
4.17186
4.21929
4.25874
4.29312
4.32322
4.34984
4.37014
4.38290
4.38796
4.38707
4.37818
4.36366
4.34406
4.31916
4.28928
4.25238
4.20934
4.15907
4.10335
4.04168
3.97390
3.90032
3.82221
3.74014
3.65156
3.55840
3.45893
3.35311
3.24143
3.12600
3.00948
2.89026
2.76481
2.63377
2.49820
2.35926
2.21790
2.07288
1.92522
1.77588
1.62386
1.46974
1.31376
1.15527
0.99327
0.82925
0.66452
0.50178
0.33786
0.17398
0.00864
-0.15788
-0.32523
-0.49234
-0.65697
-0.81892
-0.98031
-1.14066
-1.30129
-1.46044
-1.61687
-1.76965
-1.91885
-2.06636
-2.21199
-2.35489
-2.49491
-2.62996
-2.76026
-2.88671
-3.00935
-3.13066
-3.24738
-3.35912
-3.46307
-3.56088
-3.65458
-3.74568
-3.83400
-3.91651
-3.99117
-4.05687
-4.11620
-4.17142
-4.22439
-4.27147
-4.31184
-4.34478
-4.36931
-4.38881
-4.40388
-4.41383
-4.41619
-4.41183
-4.39926
-4.38044
-4.35830
-4.33266
-4.29994
-4.25911
-4.20961
-4.15339
-4.09212
-4.02707
-3.95800
-3.88453
-3.80551
-3.71967
-3.62590
-3.52478
-3.41954
-3.31256
-3.20359
-3.08968
-2.96982
-2.84449
-2.71304
-2.57878
-2.44025
-2.29846
-2.15444
-2.00842
-1.86065
-1.70966
-1.55584
-1.39788
-1.23717
-1.07425
-0.91054
-0.74707
-0.58469
-0.42226
-0.25702
-0.08994
0.07893
0.24774
0.41449
0.57941
0.74145
0.90269
1.06360
1.22462
1.38579
1.54341
1.69948
1.85196
1.99931
2.14187
2.28405
2.42583
2.56533
2.70023
2.83039
2.95388
3.07278
3.18830
3.30110
3.40938
3.51156
3.60737
3.69782
3.78631
3.87166
3.94977
4.01854
4.07933
4.13581
4.18807
4.23655
4.28130
4.31875
4.34763
4.36703
4.37982
4.38863
4.39257
4.39245
4.38653
4.37295
4.35356
4.32508
4.28986
4.24929
4.20368
4.15306
4.09738
4.03702
3.97037
3.89715
3.81576
3.72835
3.63619
3.54000
3.43971
3.33621
3.22806
3.11470
2.99391
2.86779
2.73757
2.60430
2.47065
2.33317
2.19288
2.04750
1.89821
1.74646
1.59208
1.43490
1.27556
1.11611
0.95737
0.79704
0.63363
0.46765
0.30091
0.13381
-0.03231
-0.19767
-0.36199
-0.52560
-0.68951
-0.85353
-1.01780
-1.18001
-1.33884
-1.49436
-1.64796
-1.80036
-1.95042
-2.09952
-2.24451
-2.38499
-2.52192
-2.65601
-2.78766
-2.91436
-3.03656
-3.15440
-3.26906
-3.37835
-3.48247
-3.58210
-3.67640
-3.76637
-3.84968
-3.92854
-4.00189
-4.07108
-4.13322
-4.18893
-4.23763
-4.27882
-4.31611
-4.34890
-4.37552
-4.39657
-4.41030
-4.41692
-4.41520
-4.40765
-4.39504
-4.37773
-4.35455
-4.32628
-4.28984
-4.24568
-4.19488
-4.13956
-4.08002
-4.01435
-3.94277
-3.86607
-3.78261
-3.69458
-3.60117
-3.50325
-3.39891
-3.28897
-3.17359
-3.05630
-2.93489
-2.80983
-2.68030
-2.54531
-2.40541
-2.26114
-2.11589
-1.96865
-1.82098
-1.67095
-1.51389
-1.35406
-1.19143
-1.02975
-0.86748
-0.70553
-0.54128
-0.37547
-0.20966
-0.04172
0.12573
0.29295
0.45825
0.62115
0.78425
0.94739
1.11059
1.27106
1.43029
1.58667
1.73948
1.89020
2.03922
2.18617
2.32908
2.46773
2.60445
2.73659
2.86573
2.98986
3.11054
3.22623
3.33766
3.44286
3.54339
3.63951
3.73166
3.81848
3.89856
3.97328
4.04185
4.10491
4.16093
4.21294
4.26006
4.30147
4.33573
4.36194
4.38207
4.39720
4.40661
4.41071
4.40717
4.39708
4.38105
4.35836
4.33034
4.29712
4.25748
4.21099
4.15750
4.09800
4.03438
3.96642
3.89321
3.81345
3.72675
3.63400
3.53564
3.43264
3.32680
3.21700
3.10298
2.98458
2.85946
2.72873
2.59431
2.45678
2.31741
2.17495
2.03052
1.88276
1.73006
1.57387
1.41670
1.25782
1.09769
0.93628
0.77416
0.61071
0.44639
0.28191
0.11490
-0.05246
-0.21972
-0.38353
-0.54679
-0.70887
-0.87209
-1.03618
-1.19865
-1.35830
-1.51390
-1.66713
-1.81824
-1.96808
-2.11513
-2.26002
-2.40270
-2.54168
-2.67488
-2.80413
-2.92974
-3.05075
-3.16773
-3.28107
-3.39155
-3.49808
-3.59766
-3.69065
-3.77649
-3.85769
-3.93463
-4.00744
-4.07562
-4.13907
-4.19484
-4.24139
-4.28116
-4.31582
-4.34648
-4.37275
-4.39344
-4.40723
-4.41301
-4.41104
-4.40269
-4.38846
-4.36843
-4.34305
-4.31236
-4.27591
-4.23349
-4.18439
-4.12654
-4.06314
-3.99505
-3.92108
-3.84335
-3.76061
-3.67327
-3.57877
-3.47870
-3.37239
-3.26161
-3.14537
-3.02693
-2.90482
-2.77947
-2.64873
-2.51182
-2.37083
-2.22655
-2.08087
-1.93209
-1.78259
-1.63058
-1.47522
-1.31605
-1.15478
-0.99172
-0.82786
-0.66486
-0.50099
-0.33547
-0.16916
-0.00211
0.16461
0.33037
0.49638
0.66035
0.82335
0.98579
1.14759
1.30796
1.46598
1.62144
1.77272
1.92228
2.06899
2.21502
2.35897
2.49968
2.63472
2.76496
2.89135
3.01325
3.13140
3.24704
3.35859
3.46546
3.56590
3.66066
3.75093
3.83466
3.91333
3.98524
4.05332
4.11725
4.17683
4.22882
4.27182
4.30717
4.33776
4.36401
4.38448
4.39904
4.40913
4.41210
4.40744
4.39547
4.37593
4.35105
4.32168
4.28852
4.25001
4.20454
4.15047
4.08916
4.02161
3.94934
3.87441
3.79503
3.70988
3.61816
3.51943
3.41461
3.30437
3.19284
3.07774
2.95859
2.83383
2.70402
2.57041
2.43221
2.29138
2.14643
1.99973
1.85110
1.69895
1.54463
1.38812
1.23050
1.06912
0.90567
0.74114
0.57696
0.41246
0.24775
0.08332
-0.08231
-0.24976
-0.41736
-0.58326
-0.74774
-0.91077
-1.07188
-1.23081
-1.38780
-1.54433
-1.70050
-1.85544
-2.00656
-2.15341
-2.29525
-2.43317
-2.56913
-2.70299
-2.83377
-2.96052
-3.08249
-3.20064
-3.31425
-3.42161
-3.52214
-3.61654
-3.70803
-3.79705
-3.88222
-3.96226
-4.03377
-4.09615
-4.15178
-4.20103
-4.24858
-4.29272
-4.33081
-4.36261
-4.38522
-4.40032
-4.40761
-4.41024
-4.40782
-4.40007
-4.38651
-4.36760
-4.34129
-4.30796
-4.26718
-4.22003
-4.16749
-4.11028
-4.04733
-3.98013
-3.90664
-3.82694
-3.74189
-3.64988
-3.55115
-3.44710
-3.34014
-3.23001
-3.11779
-3.00055
-2.87710
-2.74551
-2.60890
-2.47009
-2.33227
-2.19233
-2.04984
-1.90124
-1.74864
-1.59094
-1.43251
-1.27580
-1.11950
-0.95935
-0.79567
-0.62985
-0.46391
-0.29855
-0.13353
0.03024
0.19481
0.36076
0.52616
0.69131
0.85464
1.01720
