
0.00000
0.00000
-0.00066
0.00154
0.00664
0.01711
0.02532
0.03319
0.03691
0.03970
0.04499
0.05332
0.06870
0.08094
0.09161
0.09368
0.09538
0.10402
0.11652
0.13562
0.15102
0.15889
0.16233
0.16596
0.17582
0.19079
0.20937
0.22572
0.23465
0.23879
0.24357
0.25312
0.26949
0.28613
0.29941
0.30823
0.31237
0.32045
0.32975
0.34381
0.35958
0.37090
0.37761
0.38268
0.38989
0.40214
0.41444
0.42636
0.43545
0.43911
0.44396
0.45173
0.46210
0.47392
0.48413
0.49009
0.49228
0.49517
0.50279
0.51276
0.52240
0.52878
0.53253
0.53531
0.53658
0.54200
0.54995
0.55495
0.55895
0.56292
0.56307
0.56534
0.56955
0.57355
0.57728
0.58152
0.58228
0.58282
0.58350
0.58554
0.58937
0.59110
0.58986
0.58996
0.58848
0.58781
0.58687
0.58668
0.58534
0.58599
0.58356
0.58129
0.57731
0.57508
0.57286
0.57018
0.56794
0.56398
0.55858
0.55476
0.54946
0.54569
0.54061
0.53523
0.52944
0.52258
0.51560
0.50979
0.50571
0.49786
0.49136
0.48187
0.47469
0.46455
0.45778
0.44951
0.44061
0.43218
0.41952
0.40906
0.39732
0.38573
0.37252
0.35974
0.34527
0.32999
0.31542
0.29925
0.28274
0.26805
0.25124
0.23432
0.21557
0.19746
0.17935
0.16419
0.14602
0.12873
0.10939
0.09327
0.07562
0.06011
0.04400
0.02741
0.01366
-0.00200
-0.01631
-0.02661
-0.03908
-0.04860
-0.05897
-0.06637
-0.07643
-0.08368
-0.08911
-0.09556
-0.09827
-0.10033
-0.10316
-0.10359
-0.10493
-0.10581
-0.10423
-0.10061
-0.09693
-0.09360
-0.09039
-0.08533
-0.08181
-0.07380
-0.06622
-0.05931
-0.05241
-0.04316
-0.03531
-0.02774
-0.01879
-0.00992
-0.00117
0.00806
0.01810
0.02593
0.03531
0.04365
0.05220
0.06215
0.07138
0.08102
0.08921
0.09681
0.10669
0.11747
0.12700
0.13543
0.14330
0.15281
0.16250
0.17162
0.18320
0.19281
0.20532
0.21536
0.22605
0.23890
0.25174
0.26250
0.27640
0.28713
0.30035
0.31232
0.32574
0.34162
0.35320
0.36605
0.37698
0.38759
0.39768
0.40666
0.41701
0.42560
0.43083
0.43649
0.44106
0.44625
0.44966
0.45218
0.45186
0.45079
0.44771
0.44487
0.44272
0.43722
0.43361
0.42672
0.41967
0.41153
0.40375
0.39615
0.38723
0.37747
0.36830
0.35934
0.34780
0.33961
0.33127
0.32245
0.31248
0.30370
0.29507
0.28736
0.28024
0.27246
0.26652
0.25973
0.25318
0.24872
0.24319
0.23821
0.23316
0.23080
0.22777
0.22344
0.21933
0.21561
0.21580
0.21132
0.20920
0.20804
0.20610
0.20441
0.20129
0.20024
0.19830
0.19640
0.19399
0.19180
0.18745
0.18565
0.18383
0.18178
0.17711
0.17277
0.16854
0.16215
0.15496
0.15032
0.14317
0.13527
0.12732
0.11823
0.10842
0.09662
0.08560
0.07419
0.06303
0.04829
0.03651
0.02094
0.00448
-0.00889
-0.02520
-0.03968
-0.05794
-0.07402
-0.09087
-0.10784
-0.12541
-0.14130
-0.15734
-0.17438
-0.19079
-0.20716
-0.22305
-0.23699
-0.25349
-0.26649
-0.28017
-0.29362
-0.30647
-0.31936
-0.33086
-0.34249
-0.35303
-0.36157
-0.37206
-0.38276
-0.39060
-0.39744
-0.40513
-0.41249
-0.41986
-0.42488
-0.43275
-0.43722
-0.44293
-0.44814
-0.45422
-0.45921
-0.46500
-0.46921
-0.47418
-0.47940
-0.48242
-0.48736
-0.49255
-0.49764
-0.50307
-0.50912
-0.51235
-0.51661
-0.52141
-0.52480
-0.53053
-0.53319
-0.53573
-0.53792
-0.54192
-0.54236
-0.54388
-0.54398
-0.54647
-0.54477
-0.54400
-0.54183
-0.53914
-0.53689
-0.53092
-0.52688
-0.51923
-0.51243
-0.50640
-0.49842
-0.49053
-0.48144
-0.47098
-0.46028
-0.44926
-0.44055
-0.43038
-0.42031
-0.41259
-0.40140
-0.39238
-0.38514
-0.37752
-0.37110
-0.36671
-0.36418
-0.36087
-0.35997
-0.36039
-0.36219
-0.36437
-0.36847
-0.37159
-0.37911
-0.38487
-0.39431
-0.40335
-0.41309
-0.42532
-0.43645
-0.44964
-0.46237
-0.47410
-0.48586
-0.50004
-0.51472
-0.52898
-0.54345
-0.55748
-0.56929
-0.58248
-0.59436
-0.60638
-0.61902
-0.63089
-0.64171
-0.65159
-0.66288
-0.67279
-0.68316
-0.69396
-0.70049
-0.71007
-0.71947
-0.72791
-0.73595
-0.74567
-0.75127
-0.76130
-0.77005
-0.77646
-0.78456
-0.79235
-0.79991
-0.80823
-0.81569
-0.82326
-0.83339
-0.84076
-0.84925
-0.85716
-0.86625
-0.87469
-0.88244
-0.89384
-0.90381
-0.91469
-0.92295
-0.93272
-0.94203
-0.95528
-0.96622
-0.97773
-0.98854
-1.00196
-1.01544
-1.02683
-1.03890
-1.05252
-1.06666
-1.07979
-1.09392
-1.10827
-1.12456
-1.13916
-1.15437
-1.16744
-1.18398
-1.19783
-1.21387
-1.23028
-1.24510
-1.25971
-1.27497
-1.29159
-1.30508
-1.31818
-1.33388
-1.34800
-1.36199
-1.37520
-1.38820
-1.40067
-1.41291
-1.42587
-1.43604
-1.44669
-1.45816
-1.46787
-1.47859
-1.48815
-1.49713
-1.50664
-1.51207
-1.52097
-1.52682
-1.53544
-1.54042
-1.54536
-1.55106
-1.55358
-1.55853
-1.56110
-1.56368
-1.56519
-1.56687
-1.56786
-1.56790
-1.56619
-1.56422
-1.56467
-1.56373
-1.56292
-1.55964
-1.55829
-1.55476
-1.55125
-1.55037
-1.54500
-1.54198
-1.53785
-1.53422
-1.53102
-1.52594
-1.52363
-1.51680
-1.51291
-1.50775
-1.50245
-1.49631
-1.49137
-1.48573
-1.47659
-1.46851
-1.45864
-1.44977
-1.43886
-1.42885
-1.41622
-1.40296
-1.38957
-1.37617
-1.36082
-1.34572
-1.33115
-1.31793
-1.30014
-1.28498
-1.26960
-1.25582
-1.24158
-1.22599
-1.21452
-1.20342
-1.19281
-1.18471
-1.17718
-1.17075
-1.16549
-1.16175
-1.16254
-1.16205
-1.16445
-1.16922
-1.17511
-1.18296
-1.19145
-1.20193
-1.21371
-1.22604
-1.24041
-1.25471
-1.26983
-1.28666
-1.30417
-1.32282
-1.33900
-1.35878
-1.37727
-1.39562
-1.41613
-1.43422
-1.45429
-1.47397
-1.49079
-1.50899
-1.52757
-1.54688
-1.56397
-1.58159
-1.59800
-1.61426
-1.63142
-1.64672
-1.66198
-1.67673
-1.69218
-1.70559
-1.72112
-1.73427
-1.74715
-1.76179
-1.77142
-1.78379
-1.79622
-1.80710
-1.81899
-1.83001
-1.84099
-1.85331
-1.86321
-1.87376
-1.88570
-1.89584
-1.90779
-1.91878
-1.93095
-1.94334
-1.95465
-1.96913
-1.98041
-1.99494
-2.00832
-2.02301
-2.03830
-2.05456
-2.06981
-2.08603
-2.10281
-2.11789
-2.13723
-2.15483
-2.17331
-2.19374
-2.21268
-2.23271
-2.25065
-2.27176
-2.29154
-2.31139
-2.33129
-2.35342
-2.37220
-2.39306
-2.41049
-2.42941
-2.44938
-2.46710
-2.48396
-2.50053
-2.51751
-2.53307
-2.54621
-2.56166
-2.57519
-2.58668
-2.59942
-2.60976
-2.61967
-2.62780
-2.63618
-2.64330
-2.65058
-2.65674
-2.65993
-2.66305
-2.66503
-2.66468
-2.66437
-2.66392
-2.66062
-2.65499
-2.65212
-2.64721
-2.63982
-2.63269
-2.62248
-2.61127
-2.59980
-2.59013
-2.57720
-2.56288
-2.54808
-2.53309
-2.51756
-2.50038
-2.48228
-2.46398
-2.44733
-2.42789
-2.40748
-2.38693
-2.36596
-2.34255
-2.31945
-2.29724
-2.27401
-2.25098
-2.22534
-2.19965
-2.17394
-2.14735
-2.12030
-2.09181
-2.06625
-2.03868
-2.01062
-1.98240
-1.95490
-1.92798
-1.90295
-1.87590
-1.85265
-1.83013
-1.80689
-1.78706
-1.76689
-1.74970
-1.73413
-1.72111
-1.70871
-1.70095
-1.69195
-1.68842
-1.68416
-1.68482
-1.68570
-1.68740
-1.69330
-1.69890
-1.70844
-1.71709
-1.72838
-1.73972
-1.75121
-1.76576
-1.77871
-1.79465
-1.80781
-1.82263
-1.83753
-1.85204
-1.86657
-1.87973
-1.89235
-1.90594
-1.91803
-1.92899
-1.94016
-1.95025
-1.95775
-1.96678
-1.97558
-1.98367
-1.98983
-1.99670
-2.00196
-2.00657
-2.01189
-2.01739
-2.02270
-2.02611
-2.02971
-2.03390
-2.03811
-2.04070
-2.04611
-2.04942
-2.05329
-2.05834
-2.06156
-2.06663
-2.07018
-2.07540
-2.08121
-2.08855
-2.09337
-2.09953
-2.10747
-2.11522
-2.12341
-2.13177
-2.14191
-2.15192
-2.16627
-2.17864
-2.19386
-2.20601
-2.22345
-2.24026
-2.26034
-2.27947
-2.30094
-2.32327
-2.34568
-2.37061
-2.39545
-2.42119
-2.44876
-2.47648
-2.50525
-2.53559
-2.56250
-2.59277
-2.62360
-2.65236
-2.68064
-2.71130
-2.73982
-2.76821
-2.79568
-2.82293
-2.84838
-2.87288
-2.89849
-2.92090
-2.94218
-2.96324
-2.98031
-2.99900
-3.01332
-3.02864
-3.04218
-3.05192
-3.06112
-3.07023
-3.07610
-3.08206
-3.08546
-3.08614
-3.08774
-3.08599
-3.08334
-3.07979
-3.07580
-3.06715
-3.06140
-3.05251
-3.04375
-3.03385
-3.02138
-3.00908
-2.99601
-2.98493
-2.97048
-2.95507
-2.94095
-2.92710
-2.91302
-2.89781
-2.88301
-2.86827
-2.85236
-2.83792
-2.82202
-2.80715
-2.79248
-2.77910
-2.76370
-2.74736
-2.73237
-2.71679
-2.70017
-2.68501
-2.66806
-2.65079
-2.63309
-2.61543
-2.59769
-2.58224
-2.56705
-2.54946
-2.53366
-2.51805
-2.50347
-2.49109
-2.48065
-2.46924
-2.46231
-2.45774
-2.45296
-2.45182
-2.45272
-2.45757
-2.46380
-2.47277
-2.48293
-2.49727
-2.51411
-2.53100
-2.55196
-2.57476
-2.59908
-2.62522
-2.65126
-2.67940
-2.70860
-2.74007
-2.76894
-2.79926
-2.82909
-2.85837
-2.88738
-2.91559
-2.94303
-2.97001
-2.99454
-3.01780
-3.04256
-3.06189
-3.08174
-3.09996
-3.11681
-3.13203
-3.14678
-3.15857
-3.16875
-3.17852
-3.18686
-3.19438
-3.19936
-3.20633
-3.21002
-3.21360
-3.21671
-3.21876
-3.22084
-3.22136
-3.22319
-3.22292
-3.22332
-3.22159
-3.21975
-3.21922
-3.21855
-3.21732
-3.21476
-3.21364
-3.21290
-3.21204
-3.21076
-3.20781
-3.20591
-3.20508
-3.20234
-3.20347
-3.20098
-3.20061
-3.20071
-3.20076
-3.19884
-3.19922
-3.19996
-3.19863
-3.20049
-3.20048
-3.20116
-3.20336
-3.20596
-3.20730
-3.21175
-3.21423
-3.21888
-3.22320
-3.22625
-3.23229
-3.23905
-3.24293
-3.25008
-3.25656
-3.26208
-3.26843
-3.27350
-3.27966
-3.28328
-3.28740
-3.29030
-3.29110
-3.29339
-3.29374
-3.29366
-3.29188
-3.28596
-3.27943
-3.27230
-3.26475
-3.25402
-3.24263
-3.22845
-3.21312
-3.19559
-3.17606
-3.15578
-3.13486
-3.11157
-3.08616
-3.06069
-3.03323
-3.00281
-2.97303
-2.94103
-2.90962
-2.87705
-2.84161
-2.80643
-2.77087
-2.73550
-2.70051
-2.66432
-2.62712
-2.59100
-2.55477
-2.51931
-2.48343
-2.44866
-2.41501
-2.38252
-2.34904
-2.31694
-2.28462
-2.25265
-2.22422
-2.19574
-2.16762
-2.13924
-2.11225
-2.08482
-2.05958
-2.03406
-2.01036
-1.98633
-1.96301
-1.94042
-1.91904
-1.89775
-1.87734
-1.85633
-1.83809
-1.81708
-1.80040
-1.78357
-1.76887
-1.75429
-1.74149
-1.72747
-1.71818
-1.70983
-1.70188
-1.69663
-1.69191
-1.69036
-1.68987
-1.69223
-1.69330
-1.69906
-1.70444
-1.71093
-1.72144
-1.72973
-1.73726
-1.74984
-1.75888
-1.77010
-1.78024
-1.79223
-1.80015
-1.80962
-1.81760
-1.82359
-1.83045
-1.83465
-1.83726
-1.83971
-1.84075
-1.83839
-1.83668
-1.83253
-1.82771
-1.82035
-1.81014
-1.80166
-1.79020
-1.77772
-1.76382
-1.74770
-1.73175
-1.71483
-1.69467
-1.67415
-1.65357
-1.63323
-1.61060
-1.58792
-1.56229
-1.53877
-1.51149
-1.48633
-1.46044
-1.43547
-1.40689
-1.38045
-1.35258
-1.32587
-1.29809
-1.27156
-1.24382
-1.21639
-1.19081
-1.16417
-1.13995
-1.11548
-1.09144
-1.06790
-1.04705
-1.02645
-1.00702
-0.99035
-0.97497
-0.95887
-0.94594
-0.93533
-0.92446
-0.91606
-0.91001
-0.90542
-0.90479
-0.90319
-0.90270
-0.90463
-0.90621
-0.91089
-0.91687
-0.92432
-0.93127
-0.93962
-0.95031
-0.95930
-0.96965
-0.98061
-0.99151
-1.00055
-1.01179
-1.02152
-1.03125
-1.04313
-1.05087
-1.05756
-1.06475
-1.06855
-1.07276
-1.07622
-1.07826
-1.07867
-1.07661
-1.07243
-1.06741
-1.06100
-1.05139
-1.04303
-1.03128
-1.01860
-1.00272
-0.98677
-0.96856
-0.95092
-0.93087
-0.90998
-0.88790
-0.86487
-0.84280
-0.81883
-0.79569
-0.77076
-0.74844
-0.72309
-0.70021
-0.67798
-0.65549
-0.63465
-0.61449
-0.59601
-0.57503
-0.55731
-0.54163
-0.52600
-0.51478
-0.50204
-0.49176
-0.48082
-0.47234
-0.46525
-0.45817
-0.45407
-0.45096
-0.44822
-0.44441
-0.44052
-0.43964
-0.43842
-0.43840
-0.43811
-0.43743
-0.43661
-0.43689
-0.43617
-0.43734
-0.43812
-0.44000
-0.44310
-0.44547
-0.44938
-0.45296
-0.45881
-0.46731
-0.47547
-0.48550
-0.49788
-0.50961
-0.52669
-0.54237
-0.56228
-0.58214
-0.60295
-0.62541
-0.64863
-0.67440
-0.70061
-0.72642
-0.75344
-0.77929
-0.80560
-0.82927
-0.85553
-0.88080
-0.90346
-0.92660
-0.94770
-0.96628
-0.98078
-0.99660
-1.01010
-1.02239
-1.03264
-1.03907
-1.04440
-1.04846
-1.05055
-1.04871
-1.04651
-1.04126
-1.03501
-1.02765
-1.01752
-1.00816
-0.99498
-0.98118
-0.96641
-0.94859
-0.93212
-0.91374
-0.89521
-0.87778
-0.85724
-0.83703
-0.81719
-0.79737
-0.77784
-0.75951
-0.73955
-0.72085
-0.70015
-0.68490
-0.66690
-0.64959
-0.63554
-0.62075
-0.60924
-0.59665
-0.58332
-0.57509
-0.56483
-0.55722
-0.55090
-0.54428
-0.53999
-0.53527
-0.53299
-0.53017
-0.52865
-0.52811
-0.52922
-0.53228
-0.53245
-0.53749
-0.53816
-0.54200
-0.54733
-0.55024
-0.55618
-0.56196
-0.56898
-0.57541
-0.58206
-0.58880
-0.59522
-0.60247
-0.60722
-0.61327
-0.61996
-0.62531
-0.63202
-0.63759
-0.63924
-0.64203
-0.64327
-0.64348
-0.64416
-0.64341
-0.64295
-0.63846
-0.63122
-0.62562
-0.61690
-0.60729
-0.59656
-0.58162
-0.56951
-0.55458
-0.53571
-0.51586
-0.49724
-0.47542
-0.45531
-0.43006
-0.40647
-0.38226
-0.35538
-0.32903
-0.30309
-0.27530
-0.24776
-0.21976
-0.19259
-0.16483
-0.13883
-0.11130
-0.08569
-0.05944
-0.03720
-0.01341
0.00724
0.02880
0.04789
0.06506
0.08108
0.09809
0.11034
0.12137
0.13202
0.13896
0.14703
0.15445
0.15903
0.16487
0.16724
0.16960
0.17165
0.17286
0.17452
0.17622
0.17651
0.17695
0.17675
0.17717
0.17658
0.17828
0.17826
0.17950
0.18017
0.17984
0.17949
0.17832
0.17634
0.17550
0.17401
0.16944
0.16369
0.15979
0.15305
0.14516
0.13521
0.12421
0.11231
0.09910
0.08417
0.06874
0.05086
0.03302
0.01390
-0.00674
-0.02781
-0.04952
-0.06908
-0.09075
-0.11258
-0.13325
-0.15403
-0.17395
-0.19408
-0.21216
-0.22975
-0.24460
-0.26022
-0.27435
-0.28634
-0.29721
-0.30614
-0.31371
-0.31887
-0.32666
-0.33032
-0.33344
-0.33257
-0.33402
-0.33181
-0.32864
-0.32693
-0.32375
-0.31859
-0.31415
-0.30670
-0.30190
-0.29481
-0.28871
-0.28126
-0.27549
-0.26917
-0.26164
-0.25733
-0.24903
-0.24324
-0.23844
-0.23379
-0.22954
-0.22344
-0.21982
-0.21707
-0.21321
-0.21018
-0.20675
-0.20589
-0.20389
-0.20340
-0.20214
-0.20296
-0.20305
-0.20488
-0.20608
-0.20922
-0.21199
-0.21661
-0.22172
-0.22631
-0.23136
-0.23704
-0.24350
-0.25039
-0.25784
-0.26639
-0.27151
-0.27969
-0.28655
-0.29405
-0.30016
-0.30469
-0.31011
-0.31602
-0.31839
-0.32098
-0.32331
-0.32298
-0.32462
-0.32452
-0.32408
-0.32099
-0.31837
-0.31374
-0.30888
-0.30540
-0.29895
-0.29235
-0.28571
-0.27735
-0.26881
-0.25868
-0.24958
-0.24068
-0.23020
-0.21800
-0.20448
-0.19075
-0.17782
-0.16247
-0.14671
-0.13101
-0.11309
-0.09473
-0.07454
-0.05399
-0.03196
-0.01124
0.01221
0.03667
0.06218
0.08699
0.11342
0.13975
0.16585
0.19308
0.22039
0.24777
0.27484
0.30066
0.32732
0.35326
0.37749
0.40216
0.42530
0.44798
0.46876
0.48825
0.50640
0.52401
0.53888
0.55330
0.56573
0.57737
0.58809
0.59671
0.60581
0.61158
0.61672
0.62269
0.62492
0.62903
0.63054
0.63511
0.63542
0.63650
0.63781
0.63586
0.63335
0.63199
0.63142
0.62806
0.62499
0.61951
0.61284
0.60803
0.60006
0.59233
0.58498
0.57497
0.56571
0.55353
0.54203
0.52925
0.51454
0.50205
0.48459
0.46791
0.45211
0.43491
0.41687
0.39965
0.38004
0.36038
0.34097
0.32130
0.30284
0.28192
0.26212
0.24394
0.22294
0.20253
0.18418
0.16317
0.14518
0.12680
0.10899
0.08944
0.07280
0.05595
0.03846
0.02257
0.00756
-0.00845
-0.02351
-0.03842
-0.05148
-0.06417
-0.07918
-0.09121
-0.10309
-0.11221
-0.12379
-0.13426
-0.14355
-0.15289
-0.16171
-0.16994
-0.17789
-0.18390
-0.19246
-0.19982
-0.20717
-0.21346
-0.22144
-0.22837
-0.23669
-0.24580
-0.25281
-0.26128
-0.26939
-0.27801
-0.28685
-0.29754
-0.30665
-0.31789
-0.32707
-0.33502
-0.34238
-0.35082
-0.36112
-0.36950
-0.37651
-0.38321
-0.38926
-0.39448
-0.40003
-0.40405
-0.41019
-0.41213
-0.41618
-0.41812
-0.42087
-0.42290
-0.42469
-0.42636
-0.42818
-0.43061
-0.43094
-0.43476
-0.43859
-0.43958
-0.44424
-0.44706
-0.45243
-0.45717
-0.46307
-0.46668
-0.47433
-0.47952
-0.48520
-0.49235
-0.49816
-0.50545
-0.51087
-0.51653
-0.52230
-0.52554
-0.53004
-0.53316
-0.53356
