
0.00000
0.00000
0.01310
0.08047
0.20679
0.37027
0.52861
0.64099
0.70329
0.74242
0.78925
0.86112
0.96222
1.08371
1.20828
1.31636
1.39732
1.45214
1.49232
1.53782
1.60353
1.69352
1.79871
1.89841
1.97350
2.01709
2.03982
2.06035
2.09706
2.15949
2.23992
2.31657
2.36879
2.38954
2.39001
2.39149
2.40798
2.44241
2.48553
2.52437
2.54635
2.54711
2.53342
2.51601
2.50285
2.49771
2.50034
2.50419
2.50112
2.48435
2.45167
2.40702
2.35979
2.31960
2.29025
2.26677
2.23949
2.19798
2.13911
2.06909
1.99811
1.93508
1.88091
1.83031
1.77536
1.71030
1.63292
1.54788
1.46189
1.37935
1.30170
1.22731
1.15184
1.07017
0.98112
0.88596
0.78820
0.69261
0.60118
0.51221
0.42351
0.33273
0.23840
0.14070
0.04061
-0.05844
-0.15469
-0.24739
-0.33779
-0.42729
-0.51862
-0.61294
-0.70896
-0.80388
-0.89473
-0.98206
-1.06636
-1.14934
-1.23154
-1.31400
-1.39658
-1.47871
-1.55736
-1.63073
-1.69934
-1.76563
-1.83094
-1.89663
-1.96046
-2.02106
-2.07741
-2.12949
-2.17718
-2.22181
-2.26487
-2.30593
-2.34381
-2.37879
-2.40868
-2.43408
-2.45547
-2.47357
-2.48904
-2.50286
-2.51423
-2.52240
-2.52531
-2.52247
-2.51535
-2.50492
-2.49197
-2.47738
-2.46033
-2.44019
-2.41472
-2.38519
-2.35159
-2.31386
-2.27305
-2.23023
-2.18524
-2.13764
-2.08725
-2.03315
-1.97500
-1.91347
-1.84858
-1.78135
-1.71332
-1.64372
-1.57181
-1.49704
-1.41930
-1.33932
-1.25775
-1.17398
-1.08861
-1.00186
-0.91458
-0.82624
-0.73645
-0.64562
-0.55274
-0.45747
-0.36153
-0.26611
-0.17267
-0.08050
0.01368
0.10963
0.20680
0.30329
0.39841
0.49147
0.58273
0.67332
0.76473
0.85605
0.94606
1.03488
1.12148
1.20591
1.28830
1.36902
1.44743
1.52392
1.59821
1.67185
1.74403
1.81331
1.87970
1.94134
1.99882
2.05279
2.10542
2.15748
2.20859
2.25573
2.29769
2.33359
2.36572
2.39612
2.42518
2.45272
2.47582
2.49384
2.50712
2.51675
2.52359
2.52781
2.52810
2.52533
2.51845
2.50852
2.49544
2.47812
2.45642
2.43038
2.40072
2.36876
2.33490
2.29901
2.25916
2.21475
2.16496
2.11148
2.05587
1.99968
1.94224
1.88221
1.81743
1.74799
1.67535
1.60113
1.52590
1.44988
1.37118
1.29019
1.20699
1.12209
1.03535
0.94632
0.85567
0.76482
0.67323
0.58146
0.48970
0.39728
0.30281
0.20488
0.10709
0.01043
-0.08359
-0.17630
-0.26985
-0.36483
-0.46132
-0.55762
-0.65175
-0.74234
-0.83046
-0.91781
-1.00547
-1.09353
-1.18041
-1.26559
-1.34802
-1.42674
-1.50260
-1.57690
-1.64944
-1.72048
-1.79076
-1.85842
-1.92313
-1.98350
-2.03947
-2.09157
-2.14190
-2.19112
-2.23917
-2.28487
-2.32644
-2.36157
-2.39043
-2.41537
-2.43902
-2.46295
-2.48513
-2.50410
-2.51776
-2.52584
-2.52740
-2.52404
-2.51851
-2.51320
-2.50815
-2.49917
-2.48467
-2.46406
-2.43773
-2.40712
-2.37408
-2.33946
-2.30401
-2.26657
-2.22669
-2.18173
-2.13108
-2.07445
-2.01370
-1.95237
-1.89241
-1.83272
-1.77100
-1.70414
-1.63113
-1.55396
-1.47346
-1.39203
-1.31211
-1.23384
-1.15405
-1.07054
-0.98305
-0.89180
-0.79952
-0.70674
-0.61490
-0.52447
-0.43368
-0.34138
-0.24721
-0.15120
-0.05378
0.04317
0.13880
0.23219
0.32383
0.41568
0.50835
0.60227
0.69567
0.78827
0.87930
0.96783
1.05307
1.13571
1.21801
1.30112
1.38367
1.46530
1.54340
1.61796
1.68771
1.75354
1.81864
1.88357
1.94767
2.00959
2.06700
2.11990
2.16810
2.21274
2.25530
2.29581
2.33471
2.37081
2.40237
2.42977
2.45331
2.47257
2.48869
2.50185
2.51251
2.51967
2.52319
2.52220
2.51792
2.50889
2.49683
2.48270
2.46618
2.44618
2.42082
2.38997
2.35644
2.32079
2.28395
2.24479
2.20121
2.15197
2.09784
2.04102
1.98214
1.92266
1.86225
1.79831
1.73115
1.66001
1.58534
1.50795
1.42843
1.34827
1.26782
1.18671
1.10406
1.01851
0.92972
0.83784
0.74364
0.64988
0.55740
0.46697
0.37655
0.28412
0.18851
0.08950
-0.01004
-0.10771
-0.20336
-0.29553
-0.38647
-0.47735
-0.57018
-0.66528
-0.76123
-0.85496
-0.94529
-1.03070
-1.11399
-1.19550
-1.27678
-1.35934
-1.44203
-1.52425
-1.60410
-1.67733
-1.74421
-1.80692
-1.86885
-1.93196
-1.99632
-2.05939
-2.11831
-2.17055
-2.21592
-2.25637
-2.29518
-2.33348
-2.37158
-2.40836
-2.44127
-2.46770
-2.48765
-2.50176
-2.51226
-2.52097
-2.52962
-2.53668
-2.54117
-2.54084
-2.53410
-2.52015
-2.50135
-2.48001
-2.45858
-2.43757
-2.41440
-2.38668
-2.35269
-2.31250
-2.26707
-2.21822
-2.16805
-2.11808
-2.06761
-2.01583
-1.95893
-1.89609
-1.82807
-1.75619
-1.68297
-1.61000
-1.53774
-1.46547
-1.39077
-1.31141
-1.22592
-1.13607
-1.04542
-0.95630
-0.86965
-0.78460
-0.69823
-0.60788
-0.51318
-0.41630
-0.31828
-0.22198
-0.12804
-0.03548
0.05634
0.14816
0.24220
0.33771
0.43450
0.53094
0.62532
0.71642
0.80354
0.88916
0.97482
1.06219
1.14997
1.23791
1.32219
1.40249
1.47806
1.55022
1.62248
1.69337
1.76395
1.83271
1.89965
1.96234
2.02045
2.07348
2.12333
2.17070
2.21702
2.26221
2.30545
2.34520
2.37922
2.40690
2.42957
2.45001
2.46944
2.48836
2.50473
2.51705
2.52382
2.52410
2.51879
2.51054
2.50088
2.49053
2.47860
2.46288
2.44126
2.41457
2.38285
2.34685
2.30828
2.26896
2.22941
2.18738
2.14107
2.08960
2.03246
1.97007
1.90593
1.84194
1.77849
1.71403
1.64685
1.57425
1.49639
1.41418
1.33068
1.24866
1.16775
1.08606
1.00258
0.91486
0.82322
0.72845
0.63353
0.53989
0.44850
0.35794
0.26687
0.17244
0.07475
-0.02455
-0.12285
-0.21944
-0.31334
-0.40553
-0.49681
-0.58930
-0.68320
-0.77745
-0.87111
-0.96166
-1.04934
-1.13421
-1.21623
-1.29795
-1.37969
-1.46136
-1.54188
-1.61953
-1.69295
-1.76149
-1.82693
-1.89081
-1.95406
-2.01600
-2.07642
-2.13247
-2.18246
-2.22801
-2.27033
-2.31098
-2.34977
-2.38639
-2.41982
-2.44877
-2.47273
-2.49170
-2.50687
-2.51926
-2.52978
-2.53766
-2.54332
-2.54570
-2.54283
-2.53379
-2.51882
-2.50061
-2.48141
-2.46201
-2.44041
-2.41456
-2.38260
-2.34482
-2.30251
-2.25819
-2.21227
-2.16542
-2.11636
-2.06448
-2.00823
-1.94655
-1.88051
-1.81269
-1.74314
-1.67300
-1.60218
-1.52897
-1.45271
-1.37268
-1.28908
-1.20330
-1.11721
-1.03141
-0.94527
-0.85830
-0.76821
-0.67630
-0.58197
-0.48757
-0.39328
-0.29937
-0.20553
-0.11171
-0.01687
0.07864
0.17426
0.26956
0.36410
0.45800
0.55047
0.64192
0.73267
0.82264
0.91250
1.00105
1.08767
1.17307
1.25587
1.33607
1.41421
1.49088
1.56743
1.64170
1.71393
1.78247
1.84690
1.90852
1.96773
2.02503
2.07993
2.13343
2.18426
2.23151
2.27294
2.30922
2.34224
2.37329
2.40241
2.42958
2.45445
2.47527
2.49090
2.50110
2.50666
2.50866
2.50930
2.50878
2.50632
2.49997
2.48843
2.47049
2.44801
2.42289
2.39680
2.36834
2.33791
2.30356
2.26423
2.21994
2.17183
2.12035
2.06659
2.01179
1.95512
1.89677
1.83504
1.76902
1.69821
1.62325
1.54715
1.47072
1.39441
1.31722
1.23725
1.15348
1.06610
0.97642
0.88568
0.79631
0.70681
0.61733
0.52587
0.43139
0.33514
0.23925
0.14389
0.04895
-0.04581
-0.14032
-0.23552
-0.33042
-0.42512
-0.52001
-0.61423
-0.70733
-0.79899
-0.88962
-0.97762
-1.06417
-1.14972
-1.23459
-1.31843
-1.40093
-1.48042
-1.55629
-1.62931
-1.70050
-1.77054
-1.83887
-1.90387
-1.96579
-2.02448
-2.08038
-2.13416
-2.18478
-2.23219
-2.27580
-2.31501
-2.35141
-2.38532
-2.41632
-2.44424
-2.46797
-2.48757
-2.50304
-2.51536
-2.52439
-2.52983
-2.53220
-2.53091
-2.52649
-2.51844
-2.50679
-2.49128
-2.47182
-2.44892
-2.42217
-2.39338
-2.36132
-2.32620
-2.28744
-2.24497
-2.19955
-2.15003
-2.09771
-2.04250
-1.98500
-1.92575
-1.86431
-1.79992
-1.73131
-1.65940
-1.58447
-1.50742
-1.42923
-1.35125
-1.27189
-1.18944
-1.10448
-1.01730
-0.92656
-0.83525
-0.74413
-0.65382
-0.56358
-0.47239
-0.37917
-0.28379
-0.18720
-0.09142
0.00374
0.09853
0.19267
0.28594
0.37969
0.47361
0.56715
0.65970
0.75119
0.84109
0.93010
1.01757
1.10308
1.18667
1.26806
1.34868
1.42880
1.50747
1.58248
1.65427
1.72301
1.78914
1.85343
1.91597
1.97626
2.03401
2.08901
2.14057
2.18840
2.23242
2.27286
2.31073
2.34580
2.37877
2.40827
2.43437
2.45647
2.47469
2.48864
2.49832
2.50524
2.50995
2.51265
2.51242
2.50772
2.49820
2.48395
2.46585
2.44496
2.42175
2.39615
2.36766
2.33451
2.29645
2.25495
2.21016
2.16333
2.11297
2.06031
2.00530
1.94764
1.88638
1.82084
1.75170
1.68012
1.60747
1.53395
1.45966
1.38340
1.30349
1.21943
1.13170
1.04293
0.95508
0.86778
0.77966
0.68954
0.59719
0.50303
0.40746
0.31165
0.21566
0.12031
0.02480
-0.06987
-0.16442
-0.25874
-0.35364
-0.44931
-0.54504
-0.63992
-0.73265
-0.82284
-0.91106
-0.99805
-1.08520
-1.17325
-1.25981
-1.34391
-1.42451
-1.50183
-1.57655
-1.65028
-1.72259
-1.79349
-1.86165
-1.92718
-1.99007
-2.04956
-2.10473
-2.15592
-2.20452
-2.25068
-2.29495
-2.33740
-2.37581
-2.41019
-2.43936
-2.46442
-2.48561
-2.50380
-2.52009
-2.53418
-2.54550
-2.55119
-2.55153
-2.54741
-2.54049
-2.53099
-2.51872
-2.50309
-2.48362
-2.46044
-2.43345
-2.40291
-2.36881
-2.33125
-2.29041
-2.24653
-2.19987
-2.15055
-2.09790
-2.04193
-1.98253
-1.92028
-1.85553
-1.78908
-1.72024
-1.64795
-1.57228
-1.49427
-1.41512
-1.33521
-1.25384
-1.17055
-1.08499
-0.99660
-0.90618
-0.81436
-0.72283
-0.63190
-0.54072
-0.44753
-0.35238
-0.25618
-0.15926
-0.06332
0.03178
0.12648
0.22078
0.31543
0.41040
0.50529
0.59942
0.69241
0.78347
0.87298
0.96018
1.04599
1.13085
1.21641
1.30041
1.38277
1.46101
1.53524
1.60739
1.67786
1.74729
1.81537
1.88164
1.94443
2.00284
2.05800
2.10887
2.15822
2.20521
2.24959
2.29093
2.32861
2.36316
2.39385
2.41979
2.44234
2.46157
2.47795
2.49253
2.50452
2.51232
2.51543
2.51306
2.50731
2.49852
2.48780
2.47440
2.45806
2.43851
2.41420
2.38517
2.35231
2.31659
2.27855
2.23820
2.19490
2.14934
2.09966
2.04652
1.98902
1.92814
1.86466
1.79933
1.73361
1.66653
1.59602
1.52159
1.44280
1.36224
1.28028
1.19806
1.11522
1.03066
0.94408
0.85627
0.76670
0.67544
0.58288
0.48909
0.39485
0.30000
0.20586
0.11191
0.01825
-0.07698
-0.17357
-0.27092
-0.36674
-0.46084
-0.55319
-0.64512
-0.73718
-0.82884
-0.91996
-1.00889
-1.09564
-1.18050
-1.26346
-1.34585
-1.42674
-1.50568
-1.58120
-1.65451
-1.72484
-1.79451
-1.86159
-1.92587
-1.98670
-2.04340
-2.09814
-2.15070
-2.20021
-2.24699
-2.29012
-2.32959
-2.36536
-2.39700
-2.42583
-2.45152
-2.47465
-2.49407
-2.50933
-2.52064
-2.52885
-2.53377
-2.53470
-2.53150
-2.52425
-2.51348
-2.50057
-2.48555
-2.46642
-2.44251
-2.41391
-2.38081
-2.34561
-2.30824
-2.26870
-2.22629
-2.18069
-2.13149
-2.07750
-2.01973
-1.95912
-1.89587
-1.83154
-1.76570
-1.69727
-1.62586
-1.55158
-1.47351
-1.39281
-1.30952
-1.22479
-1.14072
-1.05635
-0.97159
-0.88429
-0.79395
-0.69986
-0.60441
-0.50940
-0.41573
-0.32320
-0.23122
-0.13832
-0.04257
0.05432
0.15133
0.24728
0.34180
0.43519
0.52762
0.61938
0.70998
0.80064
0.89062
0.98027
1.06816
1.15462
1.23831
1.31873
1.39630
1.47264
1.54969
1.62612
1.69996
1.76907
1.83469
1.89711
1.95604
2.01255
2.06690
2.12125
2.17407
2.22327
2.26694
2.30447
2.33760
2.36893
2.39907
2.42723
2.45354
2.47548
2.49299
2.50501
2.51304
2.51733
2.51881
2.51887
2.51585
2.50978
2.49994
2.48650
2.46773
2.44421
2.41669
2.38724
2.35650
2.32397
2.28814
2.24821
2.20295
2.15259
2.09862
2.04255
1.98593
1.92871
1.86860
1.80367
1.73449
1.66196
1.58678
1.51041
1.43271
1.35432
1.27373
1.19069
1.10435
1.01593
0.92643
0.83599
0.74550
0.65338
0.56076
0.46780
0.37432
0.27956
0.18337
0.08653
-0.00999
-0.10562
-0.20048
-0.29450
-0.38887
-0.48326
-0.57749
-0.67082
-0.76350
-0.85390
-0.94273
-1.02995
-1.11581
-1.20089
-1.28526
-1.36760
-1.44684
-1.52361
-1.59710
-1.66920
-1.74038
-1.80984
-1.87613
-1.93863
-1.99706
-2.05278
-2.10604
-2.15798
-2.20738
-2.25411
-2.29690
-2.33504
-2.36909
-2.39981
-2.42773
-2.45334
-2.47540
-2.49399
-2.50868
-2.51981
-2.52735
-2.53129
-2.53130
-2.52771
-2.51957
-2.50868
-2.49565
-2.47936
-2.45873
-2.43389
-2.40456
-2.37220
-2.33710
-2.29921
-2.25859
-2.21442
-2.16718
-2.11637
-2.06247
-2.00551
-1.94579
-1.88271
-1.81715
-1.74959
-1.67952
-1.60757
-1.53308
-1.45496
-1.37393
-1.29137
-1.20778
-1.12359
-1.03844
-0.95036
-0.86060
-0.76897
-0.67641
-0.58351
-0.49054
-0.39744
-0.30298
-0.20771
-0.11204
-0.01637
0.07877
0.17386
0.26835
0.36308
0.45740
0.55097
0.64339
0.73456
0.82427
0.91320
1.00189
1.08854
1.17375
1.25642
1.33758
1.41713
1.49559
1.57212
1.64544
1.71595
1.78388
1.84920
1.91275
1.97398
2.03230
2.08734
2.13890
2.18711
2.23311
2.27585
2.31523
2.35148
2.38380
2.41321
2.43984
2.46366
2.48391
2.50006
2.51205
2.51978
2.52410
2.52578
2.52475
2.52059
2.51265
2.50050
2.48412
2.46424
2.44091
2.41439
2.38463
2.35175
2.31600
2.27731
2.23596
2.19069
2.14064
2.08608
2.02890
1.97023
1.91091
1.84945
1.78537
1.71725
1.64498
1.56815
1.48991
1.41078
1.33202
1.25264
1.17090
1.08544
0.99694
0.90677
0.81554
0.72356
0.63226
0.54117
0.45007
0.35793
0.26353
0.16698
0.06939
-0.02760
-0.12280
-0.21515
-0.30656
-0.39884
-0.49333
-0.58885
-0.68347
-0.77557
-0.86391
-0.95045
-1.03616
-1.12107
-1.20622
-1.29045
-1.37300
-1.45281
-1.52985
-1.60428
-1.67622
-1.74491
-1.81170
-1.87726
-1.94108
-2.00279
-2.06122
-2.11450
-2.16345
-2.20862
-2.25236
-2.29432
-2.33386
-2.37048
-2.40338
-2.43049
-2.45232
-2.47085
-2.48784
-2.50372
-2.51699
-2.52599
-2.52993
-2.52828
-2.52234
-2.51333
-2.50154
-2.48815
-2.47186
-2.45245
-2.42820
-2.39857
-2.36527
-2.32806
-2.28905
-2.24838
-2.20446
-2.15753
-2.10647
-2.05229
-1.99466
-1.93393
-1.87035
-1.80461
-1.73626
-1.66638
-1.59396
-1.51795
-1.43893
-1.35777
-1.27500
-1.19028
-1.10520
-1.01912
-0.93021
-0.84004
-0.74751
-0.65422
-0.56037
-0.46728
-0.37352
-0.27893
-0.18325
-0.08687
0.00940
0.10566
0.20075
0.29524
0.38922
0.48324
0.57645
0.66979
0.76268
0.85423
0.94353
1.02980
1.11377
1.19654
1.27931
1.36222
1.44370
1.52232
1.59705
1.66773
1.73538
1.80148
1.86720
1.93183
1.99447
2.05335
2.10756
2.15633
2.20157
2.24523
2.28692
2.32656
2.36322
2.39705
2.42635
2.45124
2.47135
2.48744
2.50099
2.51235
2.52151
2.52770
2.53049
2.52835
2.52128
2.50937
2.49413
2.47671
2.45714
2.43654
2.41184
2.38200
2.34639
2.30633
2.26444
2.22171
2.17690
2.12893
2.07702
2.02150
1.96269
1.90078
1.83553
1.76751
1.69927
1.63003
1.55870
1.48330
1.40446
1.32200
1.23790
1.15374
1.06862
0.98287
0.89592
0.80737
0.71668
0.62381
0.52975
0.43500
0.34039
0.24670
0.15409
0.06050
-0.03466
-0.13028
-0.22598
-0.32178
-0.41706
-0.51126
-0.60309
-0.69329
-0.78209
-0.87117
-0.96188
-1.05278
-1.14224
-1.22736
-1.30797
-1.38541
-1.46232
-1.53902
-1.61567
-1.69059
-1.76302
-1.83204
-1.89577
-1.95585
-2.01300
-2.06908
-2.12350
-2.17614
-2.22568
-2.27161
-2.31294
-2.34977
-2.38204
-2.41065
-2.43701
-2.46196
-2.48480
-2.50488
-2.51945
-2.52852
-2.53200
-2.53220
-2.52974
-2.52535
-2.51860
-2.50865
-2.49465
-2.47491
-2.45068
-2.42256
-2.39162
-2.35824
-2.32269
-2.28433
-2.24258
-2.19681
-2.14681
-2.09266
-2.03507
-1.97473
-1.91274
-1.85028
-1.78580
-1.71833
-1.64587
-1.56941
-1.49031
-1.40983
-1.32935
-1.24904
-1.16713
-1.08222
-0.99384
-0.90285
-0.81059
-0.71871
-0.62749
-0.53583
-0.44232
-0.34737
-0.25220
-0.15661
-0.06062
0.03501
0.12937
0.22393
0.31803
0.41184
0.50558
0.59879
