
0.00000
0.00000
0.03898
0.24747
0.62411
1.07576
1.47708
1.75479
1.92017
2.05109
2.22258
2.46476
2.77138
3.09665
3.40738
3.66716
3.87667
4.05473
4.22226
4.40823
4.61395
4.84074
5.08589
5.32926
5.54648
5.71313
5.82906
5.91983
6.02703
6.18401
6.38576
6.58982
6.74963
6.83884
6.87217
6.89235
6.93919
7.03586
7.15720
7.26905
7.33819
7.35146
7.32600
7.29152
7.27025
7.27595
7.29592
7.30874
7.29237
7.23979
7.15798
7.05653
6.95294
6.86517
6.79219
6.72193
6.63207
6.51080
6.36141
6.19434
6.02582
5.86642
5.71625
5.56636
5.40213
5.22248
5.02555
4.80972
4.58562
4.36320
4.14397
3.93321
3.72490
3.50655
3.27173
3.01936
2.75447
2.49146
2.23724
1.99510
1.76012
1.51554
1.25423
0.98143
0.70145
0.42904
0.16829
-0.08169
-0.32878
-0.57768
-0.83786
-1.10388
-1.37040
-1.62935
-1.87664
-2.11639
-2.35030
-2.58508
-2.82159
-3.05234
-3.28035
-3.50518
-3.72481
-3.93321
-4.13140
-4.32295
-4.50799
-4.68823
-4.86426
-5.03974
-5.20442
-5.36092
-5.50077
-5.63139
-5.75221
-5.87125
-5.98565
-6.09265
-6.19088
-6.27260
-6.34286
-6.40304
-6.46035
-6.51212
-6.55611
-6.59119
-6.61409
-6.62602
-6.62574
-6.61105
-6.59149
-6.56771
-6.54035
-6.50188
-6.45013
-6.38489
-6.31195
-6.22633
-6.13337
-6.03016
-5.92272
-5.80842
-5.68752
-5.55533
-5.40854
-5.25377
-5.09197
-4.92108
-4.74698
-4.56355
-4.37362
-4.17508
-3.97298
-3.76198
-3.54291
-3.31944
-3.08824
-2.85190
-2.61425
-2.37192
-2.12813
-1.88014
-1.62287
-1.35752
-1.09147
-0.82958
-0.57042
-0.30987
-0.04782
0.22366
0.49734
0.76916
1.03632
1.30035
1.55992
1.81633
2.07560
2.33588
2.59356
2.84521
3.08999
3.32696
3.56360
3.79726
4.02397
4.24325
4.45507
4.66527
4.87066
5.06889
5.26019
5.44133
5.60903
5.76856
5.92177
6.07441
6.22234
6.35926
6.48500
6.59510
6.69706
6.79126
6.88199
6.96954
7.04491
7.10465
7.15637
7.19457
7.22711
7.24970
7.26320
7.27213
7.26648
7.25235
7.22444
7.18596
7.13673
7.07700
7.00815
6.92843
6.83998
6.74420
6.63783
6.51957
6.38935
6.24838
6.09818
5.94222
5.77771
5.60591
5.42463
5.23105
5.03283
4.82630
4.61268
4.39216
4.16603
3.93500
3.69916
3.45912
3.21511
2.96388
2.70304
2.44339
2.18347
1.92418
1.66275
1.39956
1.13068
0.85713
0.58358
0.31261
0.04801
-0.21496
-0.47980
-0.74700
-1.01505
-1.28031
-1.54027
-1.79071
-2.03742
-2.28513
-2.53242
-2.77855
-3.01683
-3.24986
-3.47287
-3.68969
-3.90474
-4.11411
-4.31889
-4.51428
-4.70605
-4.89091
-5.06952
-5.23816
-5.39817
-5.54521
-5.68633
-5.82396
-5.95981
-6.08739
-6.20452
-6.30872
-6.39807
-6.47559
-6.54994
-6.62166
-6.68814
-6.74795
-6.79563
-6.83003
-6.84683
-6.85283
-6.85072
-6.85108
-6.84623
-6.83635
-6.81265
-6.76852
-6.71282
-6.64521
-6.57542
-6.49926
-6.42042
-6.33482
-6.24074
-6.12884
-6.00252
-5.86643
-5.72251
-5.57627
-5.42851
-5.27505
-5.11555
-4.94194
-4.75548
-4.56036
-4.35702
-4.15147
-3.94556
-3.73803
-3.52402
-3.30090
-3.07312
-2.83893
-2.59583
-2.34869
-2.10275
-1.85943
-1.61666
-1.36825
-1.11848
-0.86020
-0.59833
-0.33640
-0.08097
0.16942
0.41581
0.66485
0.91728
1.17039
1.42513
1.67382
1.91600
2.15105
2.37996
2.60392
2.82956
3.05320
3.27424
3.49261
3.70025
3.90069
4.09062
4.27268
4.44804
4.62453
4.79905
4.96783
5.12229
5.26964
5.40349
5.52884
5.64860
5.76337
5.87578
5.97928
6.07368
6.15542
6.22447
6.28508
6.33821
6.38461
6.42450
6.45493
6.47621
6.48463
6.48092
6.46387
6.43795
6.40998
6.37314
6.32466
6.26467
6.18884
6.09949
6.00188
5.90117
5.79198
5.67103
5.53635
5.38977
5.23169
5.06665
4.89362
4.71844
4.53284
4.33933
4.13480
3.91978
3.69791
3.46821
3.23636
3.00167
2.76495
2.52169
2.27286
2.01586
1.75196
1.48422
1.21705
0.94856
0.68351
0.41779
0.15189
-0.11882
-0.39576
-0.67378
-0.95334
-1.22756
-1.49539
-1.75853
-2.01554
-2.27857
-2.54465
-2.81142
-3.07415
-3.33239
-3.57652
-3.81673
-4.05062
-4.28096
-4.51432
-4.74532
-4.97217
-5.19503
-5.40544
-5.60164
-5.78856
-5.96765
-6.14698
-6.32627
-6.50408
-6.67276
-6.82456
-6.96220
-7.08716
-7.20626
-7.31951
-7.43206
-7.53871
-7.63900
-7.72250
-7.79076
-7.84419
-7.89056
-7.93062
-7.96498
-7.99367
-8.01585
-8.02505
-8.02042
-8.00146
-7.97117
-7.93257
-7.88773
-7.84015
-7.78521
-7.72327
-7.64559
-7.55478
-7.44914
-7.33347
-7.21394
-7.09226
-6.96807
-6.83579
-6.69056
-6.53463
-6.36546
-6.18720
-6.00396
-5.81708
-5.62925
-5.44038
-5.24667
-5.03784
-4.81527
-4.58598
-4.35129
-4.12003
-3.89043
-3.66229
-3.43050
-3.18659
-2.93704
-2.67899
-2.42318
-2.16470
-1.91109
-1.66092
-1.40826
-1.15731
-0.90049
-0.64195
-0.38089
-0.12171
0.13638
0.38757
0.63145
0.87050
1.10747
1.34732
1.58703
1.82809
2.05895
2.28386
2.49663
2.69901
2.90231
3.10063
3.29780
3.48887
3.67290
3.84939
4.01054
4.16582
4.30825
4.44625
4.57895
4.70725
4.82809
4.93973
5.04084
5.12832
5.20602
5.27429
5.33808
5.39548
5.44837
5.49292
5.52468
5.54348
5.54922
5.54332
5.52998
5.51135
5.49373
5.46393
5.42089
5.36047
5.28797
5.20653
5.11445
5.01796
4.91645
4.80580
4.68394
4.54832
4.39746
4.23304
4.05939
3.88465
3.70587
3.52201
3.32820
3.11855
2.89626
2.66285
2.42553
2.18967
1.95021
1.70779
1.46005
1.20275
0.93633
0.66062
0.38475
0.10811
-0.16346
-0.43219
-0.70495
-0.98093
-1.26741
-1.55722
-1.84207
-2.12381
-2.40193
-2.67556
-2.94250
-3.21234
-3.48438
-3.75835
-4.03237
-4.29618
-4.55093
-4.79720
-5.03843
-5.27593
-5.51523
-5.75171
-5.98442
-6.20946
-6.41825
-6.61793
-6.81083
-6.99824
-7.18294
-7.36239
-7.53569
-7.70182
-7.85021
-7.98659
-8.11537
-8.23686
-8.35483
-8.46561
-8.57018
-8.66154
-8.73900
-8.80753
-8.86350
-8.91379
-8.95390
-8.98779
-9.01723
-9.03969
-9.04839
-9.04132
-9.01884
-8.98518
-8.95167
-8.91566
-8.87338
-8.82277
-8.75537
-8.67453
-8.57905
-8.47865
-8.37198
-8.26375
-8.15004
-8.03042
-7.89459
-7.74816
-7.58620
-7.41958
-7.24979
-7.07633
-6.89949
-6.71590
-6.52243
-6.31828
-6.10209
-5.88417
-5.66382
-5.44101
-5.21691
-4.98516
-4.74727
-4.50325
-4.25609
-4.00637
-3.75540
-3.50214
-3.24427
-2.98936
-2.73291
-2.47241
-2.20950
-1.94723
-1.68330
-1.41804
-1.16061
-0.90496
-0.64891
-0.39423
-0.13763
0.11717
0.36808
0.61103
0.85197
1.08670
1.31728
1.54459
1.77056
1.99152
2.20725
2.41335
2.60830
2.79788
2.98307
3.16184
3.33456
3.50320
3.66459
3.81565
3.95426
4.08064
4.19983
4.31216
4.41740
4.51828
4.61284
4.69916
4.76843
4.82434
4.86968
4.90556
4.93418
4.95886
4.97609
4.98514
4.97502
4.94864
4.91025
4.86156
4.80920
4.74704
4.67694
4.59363
4.49776
4.38412
4.26051
4.12246
3.97893
3.82671
3.66985
3.50592
3.32889
3.14137
2.93713
2.72309
2.50350
2.28355
2.06158
1.83284
1.60001
1.35465
1.10114
0.84094
0.57760
0.31607
0.05621
-0.20330
-0.46606
-0.73756
-1.01319
-1.28937
-1.56305
-1.83197
-2.09833
-2.36676
-2.63699
-2.90601
-3.17178
-3.43710
-3.69828
-3.95724
-4.21348
-4.46639
-4.71454
-4.95572
-5.19426
-5.42990
-5.66211
-5.88907
-6.11237
-6.32509
-6.53100
-6.73192
-6.92505
-7.11464
-7.29697
-7.47367
-7.64239
-7.80237
-7.95107
-8.09510
-8.23299
-8.36206
-8.48114
-8.59049
-8.69239
-8.78588
-8.87611
-8.95336
-9.02384
-9.08245
-9.13616
-9.17925
-9.21391
-9.23777
-9.25528
-9.26636
-9.26932
-9.26380
-9.24620
-9.21805
-9.18251
-9.13817
-9.08754
-9.02976
-8.96013
-8.88429
-8.79871
-8.70340
-8.59647
-8.48557
-8.36420
-8.23531
-8.09811
-7.95434
-7.80222
-7.64078
-7.47146
-7.29072
-7.10174
-6.90859
-6.70938
-6.50833
-6.29695
-6.08070
-5.85633
-5.62008
-5.37981
-5.13898
-4.89605
-4.65374
-4.40600
-4.15128
-3.89118
-3.62484
-3.35888
-3.09455
-2.83158
-2.56508
-2.30166
-2.03435
-1.76789
-1.50091
-1.23435
-0.97011
-0.71075
-0.45681
-0.20266
0.04927
0.29574
0.53515
0.77142
1.00498
1.23278
1.45451
1.66967
1.87506
2.07357
2.26494
2.45252
2.63213
2.80534
2.97271
3.13066
3.27733
3.41435
3.54076
3.66348
3.78000
3.88891
3.98728
4.07413
4.14886
4.21298
4.27035
4.31599
4.35263
4.38033
4.39746
4.40279
4.39842
4.37871
4.34503
4.30153
4.24490
4.17863
4.10101
4.01311
3.91195
3.79807
3.67075
3.53039
3.38223
3.22201
3.05315
2.87734
2.69265
2.49805
2.28925
2.06989
1.84144
1.61261
1.38086
1.14653
0.90633
0.65701
0.39768
0.13031
-0.13768
-0.40310
-0.66549
-0.93284
-1.20033
-1.47352
-1.74997
-2.02767
-2.30491
-2.58159
-2.85452
-3.12493
-3.39450
-3.66156
-3.92874
-4.19391
-4.46369
-4.72899
-4.98995
-5.24422
-5.49216
-5.73684
-5.97876
-6.22143
-6.46029
-6.69534
-6.92138
-7.13875
-7.34910
-7.55510
-7.75721
-7.95205
-8.14355
-8.32702
-8.50423
-8.67316
-8.83177
-8.98167
-9.12229
-9.25231
-9.38072
-9.49970
-9.61428
-9.71832
-9.81170
-9.88956
-9.95917
-10.01865
-10.06924
-10.11667
-10.15605
-10.18643
-10.20348
-10.20776
-10.19802
-10.18286
-10.16073
-10.13458
-10.09913
-10.04888
-9.98898
-9.92007
-9.84125
-9.75573
-9.66035
-9.55676
-9.44463
-9.32246
-9.19318
-9.05232
-8.90400
-8.74438
-8.57646
-8.40236
-8.22085
-8.03279
-7.83524
-7.62447
-7.40698
-7.18334
-6.95475
-6.71924
-6.48054
-6.23320
-5.97722
-5.71322
-5.44410
-5.17219
-4.89991
-4.62503
-4.34462
-4.06117
-3.77023
-3.47448
-3.18108
-2.88677
-2.59691
-2.30472
-2.00963
-1.71430
-1.41844
-1.12402
-0.83373
-0.54728
-0.26582
0.01067
0.28478
0.55678
0.82820
1.09315
1.34991
1.59586
1.83661
2.07081
2.30187
2.52636
2.73943
2.94569
3.14540
3.33809
3.52139
3.69320
3.85416
4.00707
4.15148
4.28984
4.41918
4.53888
4.64668
4.74133
4.82375
4.89837
4.96308
5.02529
5.07426
5.11165
5.13452
5.14584
5.14400
5.13472
5.11368
5.08373
5.04546
4.99426
4.93163
4.85388
4.76578
4.66604
4.55915
4.43946
4.31267
4.17855
4.02977
3.87519
3.71069
3.53141
3.34721
3.15523
2.96285
2.76456
2.56068
2.34574
2.12339
1.89792
1.66772
1.43630
1.20318
0.96683
0.72718
0.48762
0.24378
-0.00181
-0.25155
-0.50201
-0.75076
-0.99988
-1.24648
-1.49184
-1.73694
-1.98256
-2.23055
-2.47809
-2.71837
-2.95391
-3.18707
-3.41900
-3.64907
-3.87720
-4.09912
-4.31730
-4.52599
-4.73319
-4.93589
-5.13621
-5.32854
-5.51609
-5.69404
-5.86710
-6.03229
-6.19673
-6.35280
-6.50138
-6.64059
-6.76845
-6.89267
-7.01187
-7.12566
-7.23140
-7.32834
-7.41291
-7.48859
-7.55876
-7.62520
-7.68185
-7.73244
-7.77418
-7.80310
-7.82551
-7.84274
-7.85303
-7.85568
-7.84652
-7.82622
-7.79855
-7.76508
-7.72910
-7.68322
-7.62595
-7.55480
-7.47382
-7.38803
-7.29462
-7.19636
-7.09143
-6.97771
-6.85171
-6.71519
-6.56603
-6.40990
-6.25156
-6.08600
-5.91293
-5.73185
-5.53890
-5.33737
-5.12852
-4.91133
-4.68665
-4.45584
-4.22156
-3.98441
-3.74225
-3.49151
-3.23487
-2.96831
-2.69726
-2.42265
-2.14957
-1.87645
-1.60441
-1.32621
-1.04249
-0.75464
-0.46580
-0.18103
0.10238
0.38096
0.65955
0.93454
1.21152
1.48622
1.75605
2.02426
2.28547
2.53944
2.78416
3.02775
3.26483
3.49635
3.72392
3.94173
4.15180
4.35009
4.54217
4.72587
4.90017
5.06594
5.22019
5.36811
5.51217
5.65052
5.77618
5.88336
5.97850
6.06634
6.14902
6.22636
6.29823
6.35735
6.40445
6.43470
6.45474
6.46596
6.46827
6.46585
6.45300
6.42978
6.39469
6.34427
6.28212
6.20800
6.12249
6.03069
5.92719
5.81862
5.69622
5.56322
5.41576
5.25554
5.08617
4.90816
4.72503
4.53850
4.34322
4.13908
3.92280
3.70048
3.46883
3.23391
2.99990
2.76089
2.51890
2.27191
2.02178
1.76580
1.50841
1.24850
0.98842
0.73042
0.47373
0.21638
-0.04260
-0.30151
-0.56223
-0.82092
-1.07731
-1.33094
-1.57999
-1.82826
-2.07336
-2.31797
-2.56170
-2.79942
-3.03446
-3.26199
-3.48590
-3.70809
-3.92347
-4.13744
-4.34696
-4.54995
-4.74660
-4.93913
-5.12431
-5.30440
-5.47709
-5.64914
-5.81208
-5.96656
-6.11508
-6.25564
-6.39167
-6.52100
-6.64038
-6.75774
-6.86363
-6.96334
-7.05321
-7.13302
-7.20535
-7.26744
-7.32450
-7.37306
-7.41285
-7.44449
-7.46687
-7.48049
-7.47895
-7.47285
-7.45278
-7.42841
-7.39754
-7.35587
-7.30474
-7.24153
-7.16843
-7.08717
-6.99919
-6.90236
-6.79658
-6.68296
-6.55701
-6.42422
-6.28360
-6.13407
-5.97672
-5.80926
-5.62999
-5.44792
-5.25768
-5.06089
-4.85754
-4.64369
-4.42229
-4.19097
-3.95488
-3.71786
-3.47632
-3.22860
-2.97105
-2.70464
-2.43735
-2.16785
-1.89373
-1.61883
-1.34149
-1.05860
-0.77700
-0.48815
-0.20197
0.08456
0.37122
0.65520
0.93856
1.22306
1.50623
1.78586
2.06198
2.33504
2.60254
2.86744
3.12728
3.38315
3.62946
3.87146
4.10728
4.33751
4.55906
4.77087
4.97550
5.17352
5.36076
5.53820
5.70771
5.86581
6.01759
6.16004
6.29071
6.41400
6.52433
6.62599
6.71637
6.79901
6.87441
6.94135
6.99615
7.03895
7.07086
7.09415
7.10729
7.11477
7.11019
7.09717
7.07386
7.03870
6.99394
6.93968
6.87473
6.80087
6.71614
6.61919
6.51407
6.40352
6.28222
6.14931
6.00261
5.84429
5.67685
5.50198
5.32187
5.13519
4.93921
4.73486
4.51834
4.29014
4.05642
3.81804
3.58036
3.33684
3.08884
2.83495
2.57297
2.30668
2.03816
1.76922
1.50020
1.23285
0.96402
0.69429
0.42358
0.15168
-0.12185
-0.39377
-0.66139
-0.92534
-1.18366
-1.44115
-1.69800
-1.95905
-2.21393
-2.46252
-2.70475
-2.94132
-3.17299
-3.40330
-3.62805
-3.85238
-4.07052
-4.28320
-4.48599
-4.68391
-4.87513
-5.05730
-5.23676
-5.40736
-5.57587
-5.73931
-5.89267
-6.03468
-6.16338
-6.28613
-6.40405
-6.51497
-6.61965
-6.71630
-6.80411
-6.87577
-6.93688
-6.98881
-7.03728
-7.07952
-7.11532
-7.13929
-7.15216
-7.15131
-7.14164
-7.12350
-7.09628
-7.06256
-7.02126
-6.97185
-6.91207
-6.84080
-6.75819
-6.66271
-6.56378
-6.45601
-6.34186
-6.21830
-6.08444
-5.94117
-5.78938
-5.62471
-5.45294
-5.27329
-5.08617
-4.89582
-4.69795
-4.49075
-4.27174
-4.04697
-3.81529
-3.58003
-3.34269
-3.10067
-2.85313
-2.60096
-2.34091
-2.07782
-1.81076
-1.54472
-1.27907
-1.01012
-0.73672
-0.46051
-0.18346
0.09245
0.36865
0.64491
0.91856
1.19350
1.46751
1.74284
2.01665
2.28825
2.55374
2.81474
3.07273
3.32770
3.58132
3.83461
4.08314
4.32288
4.55508
4.77946
4.99640
5.20772
5.41489
5.61773
5.81320
5.99674
6.17038
6.33257
6.48421
6.62731
6.76042
6.88627
7.00447
7.11277
7.20847
7.28879
7.35589
7.41329
7.46171
7.50264
7.53213
7.55356
7.56528
7.56071
7.54578
7.51584
7.48029
7.43381
7.38215
7.32435
7.25224
7.16583
7.06754
6.95936
6.84183
6.72111
6.59145
6.45166
6.30322
6.14098
5.96963
5.79012
5.60334
5.41097
5.21138
5.00589
4.79196
4.56824
4.33872
4.09797
3.85225
3.60558
3.35463
3.09869
2.84020
2.57552
2.30755
2.03389
1.75672
1.47898
1.19927
0.92128
0.64578
0.36676
0.08555
-0.19587
-0.48016
-0.75986
-1.03799
-1.31304
-1.58553
-1.85130
-2.11394
-2.37704
-2.63981
-2.90066
-3.15725
-3.40429
-3.64163
-3.87006
-4.09561
-4.32120
-4.54065
-4.75420
-4.95772
-5.15648
-5.34428
-5.52101
-5.68803
-5.84733
-6.00147
-6.15108
-6.29180
-6.42632
-6.54654
-6.65309
-6.74728
-6.83312
-6.91396
-6.99137
-7.06141
-7.12029
-7.16594
-7.19823
-7.21762
-7.22929
-7.23510
-7.23207
-7.22300
-7.20332
-7.17096
-7.12525
-7.06868
-7.00371
-6.92861
-6.84504
-6.75324
-6.65372
-6.54371
-6.42377
-6.29275
-6.15272
-5.99836
-5.83801
-5.67100
-5.50117
-5.32649
-5.14358
-4.94933
-4.74311
-4.52981
-4.31086
-4.09638
-3.87996
-3.65655
-3.42770
-3.18954
-2.94622
-2.70028
-2.45757
-2.21366
-1.96951
-1.71751
-1.46242
-1.20846
-0.95331
-0.69960
-0.44562
-0.19235
0.06239
0.31865
0.57310
0.82706
1.08242
