
0.00000
0.00000
0.01292
0.08036
0.20565
0.36755
0.52407
0.63554
0.69940
0.74471
0.80045
0.88045
0.98390
1.09929
1.21127
1.30716
1.38309
1.44407
1.50118
1.56415
1.63709
1.71747
1.80187
1.88101
1.94785
2.00003
2.04199
2.08092
2.12330
2.17481
2.23424
2.29066
2.33448
2.36086
2.37607
2.39149
2.41385
2.44137
2.46857
2.48903
2.49882
2.49922
2.49442
2.48988
2.48566
2.47996
2.47041
2.45641
2.43733
2.41358
2.38540
2.35250
2.31680
2.27930
2.24004
2.19868
2.15405
2.10397
2.04855
1.98889
1.92808
1.86672
1.80369
1.73770
1.66807
1.59508
1.51959
1.44203
1.36322
1.28246
1.19977
1.11448
1.02711
0.93808
0.84856
0.75848
0.66737
0.57521
0.48132
0.38557
0.28797
0.19139
0.09578
0.00070
-0.09482
-0.19050
-0.28649
-0.38163
-0.47628
-0.57006
-0.66300
-0.75532
-0.84702
-0.93768
-1.02628
-1.11319
-1.19844
-1.28223
-1.36390
-1.44313
-1.52072
-1.59696
-1.67061
-1.74131
-1.80903
-1.87452
-1.93802
-1.99924
-2.05732
-2.11190
-2.16351
-2.21260
-2.25807
-2.29926
-2.33676
-2.37153
-2.40343
-2.43281
-2.45872
-2.48062
-2.49873
-2.51311
-2.52477
-2.53371
-2.53971
-2.54108
-2.53754
-2.53018
-2.52067
-2.50945
-2.49580
-2.47858
-2.45710
-2.42971
-2.39768
-2.36312
-2.32719
-2.29041
-2.25111
-2.20812
-2.15899
-2.10481
-2.04817
-1.99035
-1.93125
-1.87066
-1.80723
-1.73948
-1.66852
-1.59434
-1.51817
-1.44024
-1.36111
-1.28109
-1.19958
-1.11532
-1.02810
-0.93868
-0.84779
-0.75539
-0.66222
-0.56915
-0.47600
-0.38094
-0.28490
-0.18746
-0.09060
0.00554
0.10184
0.19940
0.29740
0.39424
0.48962
0.58352
0.67628
0.76893
0.86183
0.95377
1.04447
1.13235
1.21708
1.29924
1.38052
1.46111
1.54009
1.61716
1.69032
1.76041
1.82702
1.89090
1.95354
2.01431
2.07159
2.12471
2.17446
2.22095
2.26508
2.30549
2.34181
2.37514
2.40610
2.43536
2.46196
2.48597
2.50503
2.51940
2.52963
2.53579
2.54024
2.54325
2.54302
2.54065
2.53417
2.52397
2.50913
2.48933
2.46495
2.43749
2.40752
2.37626
2.34167
2.30324
2.25947
2.21112
2.15796
2.10161
2.04317
1.98417
1.92347
1.85876
1.78903
1.71354
1.63557
1.55691
1.47849
1.39848
1.31559
1.22869
1.13957
1.04872
0.95687
0.86345
0.76877
0.67406
0.57875
0.48223
0.38473
0.28661
0.18726
0.08686
-0.01381
-0.11305
-0.21070
-0.30807
-0.40581
-0.50358
-0.60082
-0.69691
-0.79176
-0.88374
-0.97284
-1.06045
-1.14741
-1.23335
-1.31764
-1.39958
-1.47909
-1.55505
-1.62870
-1.70070
-1.76981
-1.83574
-1.89924
-1.96009
-2.01829
-2.07447
-2.12744
-2.17671
-2.22279
-2.26569
-2.30497
-2.34124
-2.37470
-2.40496
-2.43096
-2.45347
-2.47230
-2.48754
-2.49894
-2.50578
-2.50926
-2.51029
-2.50821
-2.50235
-2.49195
-2.47787
-2.46053
-2.43921
-2.41439
-2.38755
-2.35908
-2.32829
-2.29254
-2.25208
-2.20776
-2.16064
-2.11316
-2.06388
-2.01195
-1.95654
-1.89651
-1.83259
-1.76592
-1.69866
-1.63043
-1.55935
-1.48533
-1.40945
-1.33117
-1.25050
-1.16886
-1.08595
-1.00171
-0.91568
-0.82666
-0.73660
-0.64673
-0.55609
-0.46391
-0.37120
-0.27681
-0.18191
-0.08645
0.00902
0.10525
0.20064
0.29571
0.39032
0.48419
0.57777
0.67086
0.76369
0.85481
0.94385
1.03137
1.11665
1.19950
1.28026
1.36007
1.43822
1.51536
1.58997
1.66068
1.72840
1.79283
1.85444
1.91566
1.97639
2.03528
2.09118
2.14329
2.19123
2.23598
2.27871
2.32011
2.36030
2.39860
2.43391
2.46455
2.49155
2.51564
2.53702
2.55645
2.57274
2.58639
2.59668
2.60228
2.60356
2.60075
2.59354
2.58297
2.57009
2.55493
2.53581
2.51246
2.48376
2.44909
2.41090
2.37057
2.32892
2.28475
2.23579
2.18191
2.12396
2.06239
1.99869
1.93244
1.86463
1.79323
1.71803
1.63982
1.55857
1.47513
1.39018
1.30405
1.21577
1.12468
1.03094
0.93519
0.83880
0.74103
0.64240
0.54222
0.44160
0.34050
0.23990
0.13922
0.03811
-0.06378
-0.16626
-0.26928
-0.37057
-0.46990
-0.56622
-0.66093
-0.75580
-0.85046
-0.94484
-1.03719
-1.12613
-1.21214
-1.29544
-1.37645
-1.45542
-1.53146
-1.60556
-1.67796
-1.74779
-1.81442
-1.87773
-1.93702
-1.99294
-2.04546
-2.09567
-2.14348
-2.18911
-2.23183
-2.27077
-2.30465
-2.33403
-2.35959
-2.38364
-2.40611
-2.42586
-2.44129
-2.45188
-2.45783
-2.45925
-2.45772
-2.45381
-2.44683
-2.43671
-2.42300
-2.40532
-2.38398
-2.35900
-2.33089
-2.29964
-2.26454
-2.22659
-2.18737
-2.14655
-2.10286
-2.05555
-2.00362
-1.94764
-1.88966
-1.83086
-1.77077
-1.70911
-1.64515
-1.57770
-1.50669
-1.43347
-1.35849
-1.28321
-1.20692
-1.12878
-1.04737
-0.96403
-0.87887
-0.79233
-0.70502
-0.61677
-0.52816
-0.43834
-0.34771
-0.25515
-0.16226
-0.06919
0.02397
0.11734
0.21133
0.30453
0.39676
0.48747
0.57703
0.66694
0.75675
0.84698
0.93628
1.02359
1.10813
1.19007
1.26918
1.34719
1.42392
1.50121
1.57679
1.65013
1.72054
1.78658
1.84985
1.91114
1.97193
2.03108
2.08870
2.14304
2.19378
2.24151
2.28639
2.32927
2.36999
2.40838
2.44372
2.47655
2.50736
2.53513
2.56111
2.58385
2.60284
2.61829
2.63046
2.64073
2.64840
2.65335
2.65400
2.64957
2.64026
2.62705
2.61031
2.59152
2.56959
2.54304
2.51157
2.47415
2.43253
2.38733
2.33915
2.28765
2.23327
2.17491
2.11217
2.04469
1.97318
1.89865
1.82213
1.74413
1.66425
1.58163
1.49616
1.40875
1.31793
1.22386
1.12791
1.03132
0.93458
0.83698
0.73774
0.63553
0.53126
0.42512
0.31970
0.21464
0.11051
0.00564
-0.10034
-0.20665
-0.31276
-0.41854
-0.52300
-0.62520
-0.72489
-0.82236
-0.91893
-1.01492
-1.10923
-1.20146
-1.29120
-1.37824
-1.46107
-1.53994
-1.61572
-1.68928
-1.76162
-1.83151
-1.89819
-1.96093
-2.01964
-2.07487
-2.12767
-2.17717
-2.22341
-2.26613
-2.30568
-2.34258
-2.37612
-2.40520
-2.42946
-2.44983
-2.46697
-2.48158
-2.49334
-2.50169
-2.50425
-2.50127
-2.49421
-2.48430
-2.47191
-2.45704
-2.43834
-2.41521
-2.38738
-2.35557
-2.32048
-2.28293
-2.24372
-2.20247
-2.15847
-2.11056
-2.05903
-2.00520
-1.94955
-1.89279
-1.83330
-1.77220
-1.70975
-1.64511
-1.57748
-1.50705
-1.43509
-1.36244
-1.28891
-1.21463
-1.13876
-1.06201
-0.98443
-0.90399
-0.82164
-0.73777
-0.65351
-0.57028
-0.48703
-0.40225
-0.31506
-0.22551
-0.13393
-0.04244
0.04752
0.13545
0.22307
0.31167
0.40178
0.49395
0.58599
0.67557
0.76195
0.84610
0.92808
1.00926
1.09148
1.17358
1.25327
1.32903
1.40050
1.46775
1.53310
1.59790
1.66263
1.72577
1.78610
1.84165
1.89193
1.93835
1.98310
2.02735
2.07251
2.11616
2.15555
2.19024
2.22017
2.24661
2.27174
2.29687
2.32214
2.34481
2.36413
2.37831
2.38798
2.39499
2.40073
2.40485
2.40756
2.40739
2.40350
2.39499
2.38193
2.36500
2.34595
2.32412
2.30006
2.27320
2.24231
2.20615
2.16514
2.12106
2.07488
2.02686
1.97562
1.92110
1.86172
1.79788
1.73013
1.65970
1.58741
1.51208
1.43437
1.35368
1.26948
1.18082
1.08900
0.99490
0.89907
0.80237
0.70472
0.60474
0.50203
0.39591
0.28737
0.17817
0.06977
-0.03724
-0.14388
-0.25012
-0.35664
-0.46356
-0.56998
-0.67532
-0.77904
-0.87986
-0.97788
-1.07298
-1.16518
-1.25497
-1.34263
-1.42846
-1.51151
-1.59159
-1.66971
-1.74378
-1.81315
-1.87793
-1.93992
-2.00032
-2.05952
-2.11661
-2.17029
-2.21858
-2.26238
-2.30323
-2.34148
-2.37921
-2.41430
-2.44502
-2.47103
-2.49242
-2.50881
-2.52181
-2.53227
-2.54044
-2.54562
-2.54769
-2.54464
-2.53648
-2.52447
-2.50907
-2.49012
-2.46822
-2.44353
-2.41586
-2.38392
-2.34849
-2.30952
-2.26743
-2.22259
-2.17466
-2.12422
-2.07225
-2.01868
-1.96213
-1.90253
-1.83972
-1.77486
-1.70886
-1.64225
-1.57365
-1.50234
-1.42916
-1.35427
-1.27878
-1.20357
-1.12674
-1.04811
-0.96758
-0.88544
-0.80200
-0.71781
-0.63371
-0.54926
-0.46389
-0.37747
-0.28955
-0.20151
-0.11237
-0.02279
0.06654
0.15498
0.24279
0.33072
0.41969
0.50972
0.60026
0.69068
0.77899
0.86526
0.95042
1.03453
1.11907
1.20329
1.28564
1.36492
1.44084
1.51459
1.58629
1.65630
1.72478
1.79110
1.85421
1.91329
1.96951
2.02258
2.07302
2.12062
2.16590
2.20888
2.24892
2.28653
2.32024
2.34917
2.37559
2.40024
2.42316
2.44385
2.46070
2.47234
2.47804
2.47960
2.47921
2.47744
2.47395
2.46789
2.45593
2.43640
2.41155
2.38282
2.35261
2.32123
2.28772
2.25037
2.20801
2.16056
2.10925
2.05490
1.99868
1.94073
1.88283
1.82200
1.75762
1.68925
1.61612
1.54022
1.46325
1.38702
1.31154
1.23470
1.15328
1.06660
0.97606
0.88452
0.79282
0.70227
0.61108
0.51808
0.42164
0.32164
0.21904
0.11693
0.01654
-0.08261
-0.18198
-0.28221
-0.38438
-0.48730
-0.58878
-0.68834
-0.78573
-0.88077
-0.97454
-1.06728
-1.15853
-1.24780
-1.33543
-1.42160
-1.50512
-1.58541
-1.66278
-1.73617
-1.80770
-1.87882
-1.94881
-2.01615
-2.07930
-2.13762
-2.19132
-2.24192
-2.28986
-2.33699
-2.38104
-2.42080
-2.45399
-2.48173
-2.50524
-2.52623
-2.54464
-2.55992
-2.57094
-2.57757
-2.58119
-2.58149
-2.57736
-2.56865
-2.55623
-2.54108
-2.52382
-2.50311
-2.47878
-2.45043
-2.41746
-2.37949
-2.33758
-2.29319
-2.24652
-2.19641
-2.14212
-2.08415
-2.02242
-1.95819
-1.89138
-1.82256
-1.75140
-1.67757
-1.60025
-1.52046
-1.43976
-1.35803
-1.27608
-1.19261
-1.10652
-1.01901
-0.93072
-0.84308
-0.75510
-0.66668
-0.57738
-0.48734
-0.39633
-0.30569
-0.21570
-0.12619
-0.03662
0.05343
0.14374
0.23420
0.32422
0.41380
0.50267
0.59047
0.67790
0.76444
0.85024
0.93481
1.01863
1.10164
1.18428
1.26459
1.34227
1.41721
1.49111
1.56385
1.63547
1.70535
1.77232
1.83567
1.89611
1.95391
2.00945
2.06310
2.11439
2.16361
2.21098
2.25542
2.29623
2.33394
2.36856
2.40042
2.43038
2.45770
2.48249
2.50361
2.52072
2.53313
2.54098
2.54541
2.54669
2.54563
2.54114
2.53243
2.51864
2.50038
2.47874
2.45431
2.42765
2.39813
2.36509
2.32846
2.28901
2.24713
2.20313
2.15694
2.10795
2.05621
2.00157
1.94475
1.88571
1.82435
1.76075
1.69344
1.62279
1.54832
1.47125
1.39242
1.31155
1.22798
1.14102
1.05001
0.95586
0.86081
0.76498
0.66739
0.56718
0.46532
0.36240
0.25884
0.15543
0.05126
-0.05358
-0.15908
-0.26454
-0.36893
-0.47193
-0.57280
-0.67208
-0.77076
-0.86894
-0.96615
-1.06125
-1.15306
-1.24091
-1.32496
-1.40693
-1.48680
-1.56447
-1.63966
-1.71110
-1.77882
-1.84297
-1.90389
-1.96208
-2.01710
-2.06900
-2.11785
-2.16326
-2.20499
-2.24374
-2.27886
-2.31044
-2.33882
-2.36423
-2.38639
-2.40663
-2.42280
-2.43545
-2.44364
-2.44845
-2.44958
-2.44810
-2.44469
-2.43895
-2.43047
-2.41751
-2.39994
-2.37742
-2.35105
-2.32173
-2.29006
-2.25667
-2.22005
-2.17964
-2.13381
-2.08348
-2.03052
-1.97629
-1.92085
-1.86313
-1.80220
-1.73875
-1.67185
-1.60233
-1.53108
-1.45816
-1.38445
-1.30922
-1.23270
-1.15442
-1.07316
-0.98970
-0.90386
-0.81637
-0.72870
-0.64150
-0.55466
-0.46583
-0.37434
-0.28083
-0.18765
-0.09601
-0.00669
0.08136
0.16940
0.25867
0.34850
0.43863
0.52636
0.61172
0.69517
0.77781
0.86034
0.94417
1.02669
1.10832
1.18857
1.26674
1.34357
1.41862
1.49300
1.56712
1.64124
1.71394
1.78415
1.85105
1.91564
1.97931
2.04185
2.10332
2.16380
2.22242
2.27892
2.33102
2.37881
2.42372
2.46734
2.50934
2.54991
2.58848
2.62360
2.65369
2.67887
2.69944
2.71693
2.73166
2.74435
2.75291
2.75701
2.75631
2.75111
2.74059
2.72566
2.70662
2.68313
2.65647
2.62643
2.59261
2.55333
2.50896
2.46089
2.41001
2.35669
2.30144
2.24354
2.18236
2.11760
2.04958
1.97843
1.90505
1.82977
1.75138
1.66949
1.58372
1.49523
1.40408
1.31077
1.21568
1.11798
1.01721
0.91409
0.80878
0.70229
0.59500
0.48690
0.37759
0.26739
0.15684
0.04612
-0.06513
-0.17601
-0.28600
-0.39438
-0.50185
-0.60706
-0.71036
-0.81235
-0.91303
-1.01191
-1.10871
-1.20229
-1.29353
-1.38113
-1.46525
-1.54720
-1.62736
-1.70592
-1.78153
-1.85283
-1.92087
-1.98545
-2.04662
-2.10448
-2.15984
-2.21221
-2.26189
-2.30851
-2.35059
-2.38769
-2.41972
-2.44686
-2.47008
-2.49016
-2.50649
-2.51911
-2.52707
-2.52930
-2.52580
-2.51738
-2.50604
-2.49229
-2.47507
-2.45412
-2.42942
-2.40071
-2.36833
-2.33212
-2.29273
-2.25119
-2.20827
-2.16407
-2.11782
-2.06818
-2.01497
-1.95867
-1.90071
-1.84286
-1.78521
-1.72741
-1.66753
-1.60513
-1.53947
-1.47238
-1.40366
-1.33480
-1.26567
-1.19568
-1.12248
-1.04577
-0.96603
-0.88380
-0.80134
-0.71913
-0.63610
-0.55116
-0.46433
-0.37546
-0.28587
-0.19622
-0.10701
-0.01709
0.07298
0.16211
0.25021
0.33829
0.42571
0.51228
0.59790
0.68163
0.76353
0.84529
0.92521
1.00432
1.08238
1.15876
1.23420
1.30890
1.38239
1.45432
1.52456
1.59304
1.66045
1.72705
1.79247
1.85556
1.91621
1.97429
2.02939
2.08146
2.13094
2.17830
2.22271
2.26346
2.30069
2.33385
2.36451
2.39230
2.41689
2.43913
2.45899
2.47639
2.49018
2.50054
2.50719
2.51028
2.51040
2.50877
2.50448
2.49576
2.48266
2.46520
2.44388
2.42004
2.39242
2.36187
2.32745
2.28989
2.24858
2.20398
2.15608
2.10560
2.05245
1.99701
1.93850
1.87785
1.81345
1.74525
1.67325
1.59913
1.52223
1.44294
1.35992
1.27280
1.18140
1.08751
0.99164
0.89298
0.79194
0.68844
0.58150
0.47176
0.36032
0.24896
0.13757
0.02472
-0.08937
-0.20443
-0.31891
-0.43201
-0.54348
-0.65382
-0.76292
-0.86993
-0.97397
-1.07526
-1.17396
-1.26952
-1.36225
-1.45181
-1.53871
-1.62274
-1.70343
-1.78043
-1.85422
-1.92549
-1.99404
-2.06105
-2.12476
-2.18420
-2.23962
-2.29157
-2.34048
-2.38672
-2.43090
-2.47189
-2.50854
-2.54084
-2.56882
-2.59251
-2.61269
-2.62942
-2.64270
-2.65243
-2.65856
-2.66032
-2.65786
-2.65079
-2.63949
-2.62409
-2.60571
-2.58458
-2.56019
-2.53226
-2.50027
-2.46325
-2.42172
-2.37760
-2.33133
-2.28331
-2.23370
-2.18140
-2.12523
-2.06582
-2.00307
-1.93769
-1.87077
-1.80250
-1.73321
-1.66179
-1.58811
-1.51202
-1.43390
-1.35491
-1.27446
-1.19350
-1.11166
-1.02911
-0.94525
-0.85989
-0.77377
-0.68657
-0.59840
-0.51073
-0.42291
-0.33424
-0.24514
-0.15495
-0.06498
0.02440
0.11238
0.19981
0.28718
0.37500
0.46251
0.54873
0.63294
0.71574
0.79664
0.87719
0.95726
1.03672
1.11502
1.19119
1.26501
1.33638
1.40695
1.47582
1.54271
1.60769
1.67086
1.73174
1.79029
1.84595
1.89785
1.94684
1.99354
2.03847
2.08199
2.12296
2.16085
2.19426
2.22310
2.24862
2.27203
2.29380
2.31406
2.33043
2.34222
2.34921
2.35217
2.35128
2.34797
2.34293
2.33441
2.32127
2.30219
2.27781
2.24842
2.21518
2.17837
2.13900
2.09572
2.04721
1.99399
1.93620
1.87462
1.81045
1.74453
1.67689
1.60782
1.53684
1.46328
1.38679
1.30896
1.23032
1.15080
1.07133
0.99240
0.91244
0.83131
0.74899
0.66566
0.58070
0.49474
0.40897
0.32332
0.23811
0.15220
0.06462
-0.02434
-0.11376
-0.20236
-0.28921
-0.37471
-0.46038
-0.54695
-0.63464
-0.72178
-0.80746
-0.89020
-0.97081
-1.04990
-1.12896
-1.20792
-1.28756
-1.36661
-1.44494
-1.52104
-1.59516
-1.66718
-1.73815
-1.80761
-1.87655
-1.94591
-2.01417
-2.08040
-2.14095
-2.19611
-2.24723
-2.29581
-2.34289
-2.38922
-2.43212
-2.47056
-2.50289
-2.52958
-2.55187
-2.57312
-2.59324
-2.61080
-2.62382
-2.63216
-2.63639
-2.63701
-2.63552
-2.63106
-2.62382
-2.61293
-2.59786
-2.57902
-2.55614
-2.52937
-2.49969
-2.46663
-2.42906
-2.38668
-2.33959
-2.28929
-2.23675
-2.18084
-2.12128
-2.05732
-1.98939
-1.91865
-1.84375
-1.76635
-1.68575
-1.60286
-1.51721
-1.42885
-1.33806
-1.24513
-1.15007
-1.05321
-0.95497
-0.85554
-0.75619
-0.65618
-0.55484
-0.45266
-0.34953
-0.24631
-0.14513
-0.04530
0.05402
0.15282
0.25178
0.35011
0.44761
0.54374
0.63772
0.72961
