
0.00000
0.00000
0.00000
0.00008
0.00019
0.00044
0.00084
0.00142
0.00213
0.00298
0.00391
0.00489
0.00593
0.00699
0.00809
0.00925
0.01057
0.01207
0.01368
0.01539
0.01698
0.01851
0.02003
0.02167
0.02347
0.02545
0.02743
0.02934
0.03118
0.03292
0.03475
0.03665
0.03870
0.04078
0.04282
0.04473
0.04664
0.04853
0.05047
0.05249
0.05452
0.05652
0.05848
0.06030
0.06221
0.06408
0.06600
0.06793
0.06977
0.07154
0.07327
0.07498
0.07671
0.07846
0.08016
0.08172
0.08323
0.08472
0.08616
0.08763
0.08907
0.09041
0.09163
0.09281
0.09394
0.09501
0.09608
0.09707
0.09801
0.09880
0.09953
0.10020
0.10082
0.10141
0.10196
0.10236
0.10265
0.10282
0.10291
0.10297
0.10293
0.10278
0.10254
0.10211
0.10161
0.10100
0.10027
0.09946
0.09851
0.09744
0.09625
0.09495
0.09354
0.09202
0.09040
0.08867
0.08681
0.08482
0.08264
0.08033
0.07792
0.07537
0.07264
0.06977
0.06677
0.06359
0.06032
0.05691
0.05345
0.04985
0.04617
0.04234
0.03839
0.03436
0.03030
0.02615
0.02193
0.01765
0.01332
0.00893
0.00457
0.00020
-0.00412
-0.00842
-0.01270
-0.01698
-0.02121
-0.02539
-0.02947
-0.03345
-0.03731
-0.04115
-0.04484
-0.04842
-0.05196
-0.05525
-0.05840
-0.06150
-0.06441
-0.06718
-0.06983
-0.07231
-0.07466
-0.07682
-0.07888
-0.08074
-0.08247
-0.08408
-0.08551
-0.08677
-0.08793
-0.08891
-0.08975
-0.09047
-0.09106
-0.09148
-0.09178
-0.09195
-0.09196
-0.09188
-0.09169
-0.09136
-0.09091
-0.09035
-0.08965
-0.08888
-0.08798
-0.08699
-0.08593
-0.08471
-0.08334
-0.08194
-0.08047
-0.07884
-0.07715
-0.07537
-0.07349
-0.07149
-0.06939
-0.06720
-0.06486
-0.06243
-0.05991
-0.05724
-0.05445
-0.05156
-0.04853
-0.04540
-0.04214
-0.03874
-0.03525
-0.03163
-0.02797
-0.02420
-0.02038
-0.01649
-0.01256
-0.00855
-0.00457
-0.00057
0.00339
0.00727
0.01116
0.01495
0.01866
0.02228
0.02578
0.02917
0.03240
0.03551
0.03847
0.04127
0.04387
0.04632
0.04857
0.05063
0.05253
0.05422
0.05574
0.05712
0.05834
0.05941
0.06037
0.06125
0.06200
0.06266
0.06320
0.06368
0.06409
0.06446
0.06478
0.06508
0.06535
0.06549
0.06565
0.06576
0.06587
0.06598
0.06604
0.06605
0.06608
0.06605
0.06598
0.06588
0.06573
0.06552
0.06533
0.06505
0.06473
0.06439
0.06399
0.06359
0.06312
0.06257
0.06202
0.06137
0.06063
0.05989
0.05905
0.05818
0.05723
0.05619
0.05508
0.05389
0.05259
0.05123
0.04975
0.04820
0.04651
0.04471
0.04276
0.04076
0.03858
0.03630
0.03386
0.03128
0.02854
0.02570
0.02276
0.01962
0.01638
0.01303
0.00957
0.00596
0.00227
-0.00152
-0.00533
-0.00929
-0.01330
-0.01741
-0.02154
-0.02576
-0.02995
-0.03423
-0.03850
-0.04280
-0.04710
-0.05142
-0.05567
-0.05986
-0.06398
-0.06808
-0.07208
-0.07598
-0.07981
-0.08348
-0.08703
-0.09041
-0.09369
-0.09680
-0.09973
-0.10252
-0.10515
-0.10760
-0.10988
-0.11195
-0.11391
-0.11569
-0.11730
-0.11874
-0.12004
-0.12115
-0.12211
-0.12293
-0.12363
-0.12416
-0.12456
-0.12484
-0.12497
-0.12497
-0.12485
-0.12465
-0.12430
-0.12384
-0.12327
-0.12258
-0.12175
-0.12089
-0.11985
-0.11870
-0.11741
-0.11598
-0.11447
-0.11274
-0.11085
-0.10881
-0.10659
-0.10418
-0.10153
-0.09870
-0.09566
-0.09245
-0.08902
-0.08538
-0.08157
-0.07760
-0.07346
-0.06927
-0.06496
-0.06055
-0.05615
-0.05169
-0.04723
-0.04281
-0.03845
-0.03415
-0.02997
-0.02593
-0.02202
-0.01829
-0.01476
-0.01142
-0.00833
-0.00545
-0.00280
-0.00032
0.00187
0.00387
0.00566
0.00726
0.00866
0.00987
0.01099
0.01190
0.01270
0.01337
0.01393
0.01440
0.01479
0.01515
0.01546
0.01569
0.01596
0.01619
0.01641
0.01666
0.01692
0.01718
0.01742
0.01768
0.01798
0.01828
0.01857
0.01894
0.01927
0.01962
0.01995
0.02030
0.02064
0.02097
0.02129
0.02159
0.02190
0.02222
0.02250
0.02277
0.02303
0.02327
0.02348
0.02374
0.02393
0.02411
0.02429
0.02441
0.02452
0.02459
0.02458
0.02454
0.02442
0.02426
0.02403
0.02369
0.02331
0.02273
0.02211
0.02131
0.02041
0.01929
0.01807
0.01670
0.01515
0.01343
0.01152
0.00945
0.00720
0.00477
0.00221
-0.00048
-0.00339
-0.00642
-0.00954
-0.01279
-0.01614
-0.01954
-0.02304
-0.02660
-0.03022
-0.03386
-0.03754
-0.04121
-0.04491
-0.04864
-0.05235
-0.05606
-0.05968
-0.06325
-0.06678
-0.07023
-0.07358
-0.07685
-0.08000
-0.08308
-0.08597
-0.08876
-0.09140
-0.09386
-0.09621
-0.09840
-0.10043
-0.10225
-0.10395
-0.10549
-0.10688
-0.10812
-0.10919
-0.11010
-0.11080
-0.11143
-0.11190
-0.11227
-0.11246
-0.11254
-0.11251
-0.11234
-0.11204
-0.11166
-0.11117
-0.11054
-0.10988
-0.10906
-0.10816
-0.10714
-0.10607
-0.10485
-0.10356
-0.10214
-0.10055
-0.09886
-0.09709
-0.09521
-0.09319
-0.09104
-0.08874
-0.08631
-0.08377
-0.08108
-0.07832
-0.07542
-0.07246
-0.06936
-0.06617
-0.06290
-0.05957
-0.05623
-0.05284
-0.04946
-0.04611
-0.04272
-0.03941
-0.03617
-0.03306
-0.03005
-0.02715
-0.02448
-0.02197
-0.01965
-0.01758
-0.01572
-0.01415
-0.01280
-0.01174
-0.01088
-0.01032
-0.01002
-0.00992
-0.01006
-0.01037
-0.01090
-0.01155
-0.01230
-0.01317
-0.01412
-0.01504
-0.01598
-0.01688
-0.01773
-0.01845
-0.01905
-0.01952
-0.01989
-0.02004
-0.02006
-0.01988
-0.01952
-0.01895
-0.01822
-0.01734
-0.01631
-0.01515
-0.01390
-0.01251
-0.01107
-0.00960
-0.00807
-0.00657
-0.00503
-0.00352
-0.00211
-0.00073
0.00059
0.00183
0.00297
0.00399
0.00493
0.00576
0.00647
0.00707
0.00757
0.00797
0.00830
0.00851
0.00867
0.00875
0.00876
0.00874
0.00861
0.00840
0.00813
0.00782
0.00744
0.00700
0.00649
0.00585
0.00521
0.00446
0.00363
0.00269
0.00173
0.00064
-0.00056
-0.00191
-0.00332
-0.00483
-0.00642
-0.00811
-0.00987
-0.01176
-0.01370
-0.01574
-0.01785
-0.02000
-0.02219
-0.02440
-0.02671
-0.02899
-0.03132
-0.03366
-0.03597
-0.03828
-0.04060
-0.04290
-0.04513
-0.04735
-0.04951
-0.05163
-0.05365
-0.05562
-0.05744
-0.05921
-0.06079
-0.06230
-0.06365
-0.06483
-0.06586
-0.06665
-0.06727
-0.06768
-0.06796
-0.06804
-0.06796
-0.06768
-0.06722
-0.06656
-0.06577
-0.06476
-0.06366
-0.06243
-0.06105
-0.05953
-0.05790
-0.05617
-0.05430
-0.05232
-0.05026
-0.04816
-0.04596
-0.04372
-0.04140
-0.03904
-0.03660
-0.03411
-0.03158
-0.02898
-0.02638
-0.02374
-0.02103
-0.01829
-0.01549
-0.01263
-0.00972
-0.00678
-0.00376
-0.00070
0.00244
0.00572
0.00904
0.01244
0.01592
0.01945
0.02304
0.02668
0.03035
0.03406
0.03780
0.04149
0.04522
0.04891
0.05249
0.05607
0.05951
0.06287
0.06610
0.06919
0.07210
0.07480
0.07727
0.07956
0.08158
0.08341
0.08496
0.08624
0.08721
0.08787
0.08831
0.08849
0.08845
0.08817
0.08763
0.08694
0.08606
0.08503
0.08391
0.08269
0.08146
0.08025
0.07899
0.07781
0.07668
0.07570
0.07484
0.07415
0.07363
0.07335
0.07326
0.07344
0.07385
0.07447
0.07536
0.07653
0.07791
0.07948
0.08129
0.08328
0.08544
0.08776
0.09017
0.09273
0.09534
0.09803
0.10074
0.10341
0.10612
0.10875
0.11129
0.11366
0.11591
0.11797
0.11981
0.12142
0.12281
0.12395
0.12471
0.12523
0.12533
0.12507
0.12440
0.12336
0.12191
0.12002
0.11769
0.11493
0.11171
0.10805
0.10398
0.09945
0.09457
0.08924
0.08359
0.07758
0.07124
0.06467
0.05787
0.05084
0.04366
0.03637
0.02896
0.02151
0.01399
0.00649
-0.00098
-0.00835
-0.01567
-0.02288
-0.02994
-0.03684
-0.04362
-0.05021
-0.05662
-0.06277
-0.06875
-0.07443
-0.07989
-0.08511
-0.09001
-0.09468
-0.09906
-0.10311
-0.10688
-0.11035
-0.11344
-0.11626
-0.11872
-0.12081
-0.12251
-0.12383
-0.12484
-0.12544
-0.12565
-0.12554
-0.12501
-0.12414
-0.12291
-0.12134
-0.11944
-0.11723
-0.11472
-0.11199
-0.10896
-0.10579
-0.10244
-0.09896
-0.09536
-0.09168
-0.08799
-0.08435
-0.08071
-0.07712
-0.07363
-0.07024
-0.06700
-0.06384
-0.06085
-0.05799
-0.05530
-0.05275
-0.05029
-0.04795
-0.04565
-0.04343
-0.04126
-0.03902
-0.03676
-0.03438
-0.03189
-0.02924
-0.02638
-0.02331
-0.02000
-0.01645
-0.01257
-0.00839
-0.00401
0.00070
0.00565
0.01078
0.01613
0.02170
0.02735
0.03318
0.03903
0.04487
0.05061
0.05632
0.06193
0.06733
0.07257
0.07754
0.08226
0.08664
0.09075
0.09450
0.09792
0.10099
0.10374
0.10607
0.10808
0.10974
0.11108
0.11208
0.11280
0.11325
0.11336
0.11323
0.11286
0.11228
0.11148
0.11049
0.10934
0.10809
0.10671
0.10531
0.10384
0.10236
0.10088
0.09942
0.09805
0.09677
0.09559
0.09451
0.09351
0.09266
0.09189
0.09133
0.09088
0.09061
0.09039
0.09030
0.09027
0.09035
0.09044
0.09059
0.09073
0.09089
0.09106
0.09113
0.09115
0.09111
0.09092
0.09065
0.09021
0.08964
0.08891
0.08800
0.08693
0.08562
0.08411
0.08239
0.08048
0.07835
0.07603
0.07355
0.07085
0.06799
0.06497
0.06176
0.05840
0.05496
0.05133
0.04763
0.04378
0.03980
0.03572
0.03155
0.02724
0.02283
0.01829
0.01368
0.00894
0.00413
-0.00078
-0.00582
-0.01088
-0.01598
-0.02122
-0.02642
-0.03168
-0.03691
-0.04215
-0.04736
-0.05249
-0.05758
-0.06259
-0.06752
-0.07235
-0.07709
-0.08168
-0.08615
-0.09042
-0.09459
-0.09852
-0.10232
-0.10587
-0.10927
-0.11242
-0.11531
-0.11799
-0.12042
-0.12262
-0.12456
-0.12625
-0.12768
-0.12885
-0.12981
-0.13053
-0.13100
-0.13128
-0.13131
-0.13115
-0.13077
-0.13021
-0.12946
-0.12853
-0.12749
-0.12618
-0.12476
-0.12313
-0.12133
-0.11938
-0.11723
-0.11494
-0.11243
-0.10978
-0.10696
-0.10400
-0.10087
-0.09761
-0.09420
-0.09068
-0.08701
-0.08321
-0.07923
-0.07519
-0.07103
-0.06669
-0.06228
-0.05767
-0.05296
-0.04809
-0.04315
-0.03809
-0.03296
-0.02775
-0.02251
-0.01723
-0.01196
-0.00673
-0.00155
0.00351
0.00850
0.01335
0.01807
0.02261
0.02702
0.03125
0.03531
0.03916
0.04282
0.04630
0.04954
0.05258
0.05539
0.05798
0.06037
0.06248
0.06437
0.06607
0.06753
0.06873
0.06974
0.07052
0.07110
0.07152
0.07175
0.07184
0.07177
0.07156
0.07125
0.07084
0.07038
0.06988
0.06932
0.06873
0.06809
0.06746
0.06684
0.06624
0.06571
0.06517
0.06467
0.06421
0.06380
0.06339
0.06301
0.06264
0.06229
0.06192
0.06160
0.06121
0.06085
0.06042
0.05993
0.05936
0.05875
0.05804
0.05724
0.05630
0.05529
0.05412
0.05281
0.05132
0.04969
0.04788
0.04593
0.04379
0.04145
0.03892
0.03620
0.03328
0.03024
0.02700
0.02367
0.02011
0.01645
0.01263
0.00865
0.00461
0.00044
-0.00381
-0.00815
-0.01260
-0.01706
-0.02161
-0.02623
-0.03084
-0.03549
-0.04016
-0.04483
-0.04957
-0.05420
-0.05891
-0.06353
-0.06812
-0.07264
-0.07711
-0.08149
-0.08578
-0.08992
-0.09390
-0.09777
-0.10151
-0.10505
-0.10845
-0.11164
-0.11468
-0.11750
-0.12016
-0.12265
-0.12494
-0.12706
-0.12899
-0.13079
-0.13240
-0.13385
-0.13516
-0.13630
-0.13731
-0.13815
-0.13881
-0.13931
-0.13965
-0.13982
-0.13982
-0.13971
-0.13943
-0.13897
-0.13831
-0.13748
-0.13648
-0.13531
-0.13401
-0.13252
-0.13089
-0.12909
-0.12714
-0.12507
-0.12287
-0.12063
-0.11829
-0.11589
-0.11348
-0.11096
-0.10846
-0.10591
-0.10334
-0.10080
-0.09823
-0.09566
-0.09303
-0.09042
-0.08781
-0.08519
-0.08254
-0.07990
-0.07727
-0.07465
-0.07209
-0.06955
-0.06704
-0.06463
-0.06234
-0.06014
-0.05808
-0.05613
-0.05437
-0.05278
-0.05137
-0.05008
-0.04900
-0.04809
-0.04737
-0.04683
-0.04644
-0.04619
-0.04602
-0.04590
-0.04578
-0.04570
-0.04556
-0.04540
-0.04509
-0.04467
-0.04409
-0.04335
-0.04240
-0.04134
-0.04002
-0.03863
-0.03700
-0.03524
-0.03337
-0.03136
-0.02928
-0.02711
-0.02491
-0.02264
-0.02035
-0.01807
-0.01573
-0.01348
-0.01122
-0.00904
-0.00685
-0.00474
-0.00273
-0.00080
0.00101
0.00275
0.00434
0.00584
0.00726
0.00855
0.00970
0.01076
0.01172
0.01257
0.01337
0.01406
0.01461
0.01508
0.01546
0.01579
0.01604
0.01616
0.01622
0.01616
0.01599
0.01574
0.01537
0.01491
0.01431
0.01361
0.01276
0.01179
0.01065
0.00945
0.00810
0.00665
0.00506
0.00335
0.00162
-0.00022
-0.00214
-0.00410
-0.00606
-0.00809
-0.01010
-0.01215
-0.01419
-0.01621
-0.01829
-0.02033
-0.02241
-0.02450
-0.02660
-0.02870
-0.03086
-0.03302
-0.03516
-0.03738
-0.03959
-0.04180
-0.04399
-0.04613
-0.04823
-0.05028
-0.05225
-0.05414
-0.05596
-0.05761
-0.05916
-0.06057
-0.06183
-0.06295
-0.06389
-0.06466
-0.06528
-0.06566
-0.06589
-0.06592
-0.06575
-0.06537
-0.06479
-0.06401
-0.06307
-0.06192
-0.06061
-0.05910
-0.05748
-0.05569
-0.05383
-0.05182
-0.04972
-0.04755
-0.04530
-0.04302
-0.04077
-0.03846
-0.03619
-0.03391
-0.03167
-0.02948
-0.02732
-0.02521
-0.02315
-0.02114
-0.01918
-0.01730
-0.01545
-0.01371
-0.01204
-0.01046
-0.00894
-0.00748
-0.00613
-0.00488
-0.00366
-0.00250
-0.00140
-0.00034
0.00074
0.00179
0.00292
0.00411
0.00535
0.00677
0.00826
0.00989
0.01162
0.01354
0.01555
0.01767
0.01988
0.02211
0.02435
0.02647
0.02853
0.03049
0.03234
0.03400
0.03549
0.03677
0.03786
0.03881
0.03957
0.04021
0.04068
0.04106
0.04132
0.04145
0.04153
0.04162
0.04164
0.04162
0.04163
0.04166
0.04174
0.04191
0.04216
0.04252
0.04304
0.04369
0.04453
0.04559
0.04685
0.04839
0.05012
0.05210
0.05429
0.05674
0.05938
0.06221
0.06524
0.06840
0.07172
0.07514
0.07865
0.08224
0.08588
0.08949
0.09314
0.09670
0.10026
0.10377
0.10709
0.11032
0.11340
0.11623
0.11889
0.12124
0.12337
0.12515
0.12652
0.12761
0.12824
0.12838
0.12810
0.12736
0.12610
0.12434
0.12214
0.11942
0.11628
0.11269
0.10868
0.10431
0.09957
0.09458
0.08930
0.08376
0.07810
0.07227
0.06636
0.06039
0.05433
0.04830
0.04228
0.03628
0.03033
0.02443
0.01858
0.01281
0.00712
0.00148
-0.00413
-0.00965
-0.01508
-0.02051
-0.02581
-0.03112
-0.03633
-0.04143
-0.04644
-0.05126
-0.05588
-0.06025
-0.06442
-0.06826
-0.07182
-0.07503
-0.07781
-0.08018
-0.08209
-0.08359
-0.08462
-0.08519
-0.08525
-0.08486
-0.08401
-0.08268
-0.08089
-0.07870
-0.07612
-0.07314
-0.06983
-0.06616
-0.06216
-0.05793
-0.05346
-0.04879
-0.04400
-0.03907
-0.03407
-0.02905
-0.02400
-0.01901
-0.01412
-0.00932
-0.00465
-0.00013
0.00420
0.00832
0.01224
0.01591
0.01941
0.02262
0.02565
0.02848
0.03110
0.03358
0.03596
0.03821
0.04034
0.04252
0.04468
0.04690
0.04932
0.05185
0.05458
0.05764
0.06097
0.06457
0.06850
0.07276
0.07738
0.08232
0.08756
0.09316
0.09892
0.10492
0.11111
0.11739
0.12375
0.13014
0.13649
0.14278
0.14892
0.15488
0.16063
0.16612
0.17133
0.17623
0.18079
0.18500
0.18886
0.19235
0.19549
0.19823
0.20064
0.20272
0.20445
0.20588
0.20701
0.20784
0.20841
0.20873
0.20876
0.20856
0.20822
0.20764
0.20687
0.20591
0.20478
0.20347
0.20204
0.20049
0.19877
0.19690
0.19491
0.19275
0.19042
0.18797
0.18537
0.18260
0.17966
0.17656
0.17325
0.16976
0.16607
0.16218
0.15812
0.15387
0.14943
0.14477
0.13991
0.13484
0.12961
0.12423
0.11867
0.11297
0.10715
0.10123
0.09524
0.08918
0.08313
0.07706
0.07110
0.06523
0.05943
0.05384
0.04838
0.04311
0.03806
0.03318
0.02857
0.02421
0.02006
0.01614
0.01242
0.00887
0.00554
0.00239
-0.00063
-0.00347
-0.00621
-0.00884
-0.01138
-0.01388
-0.01629
-0.01868
-0.02097
-0.02324
-0.02547
-0.02765
-0.02982
-0.03197
-0.03407
-0.03612
-0.03816
-0.04014
-0.04209
-0.04402
-0.04592
-0.04781
-0.04968
-0.05156
-0.05344
-0.05532
-0.05724
-0.05917
-0.06113
-0.06312
-0.06515
-0.06722
-0.06932
-0.07151
-0.07371
-0.07597
-0.07828
-0.08059
-0.08296
-0.08533
-0.08771
-0.09007
-0.09242
-0.09466
-0.09685
-0.09889
-0.10082
-0.10262
-0.10417
-0.10552
-0.10660
-0.10737
-0.10785
-0.10799
-0.10775
