
0.00000
0.00000
0.02683
0.16536
0.40706
0.67827
0.90585
1.05561
1.15007
1.23947
1.36686
1.53779
1.73000
1.91242
2.06618
2.19328
2.30942
2.42913
2.55984
2.69571
2.82446
2.94088
3.05116
3.16199
3.27778
3.39048
3.48535
3.55940
3.62559
3.69961
3.78603
3.87528
3.95361
4.01168
4.04863
4.07279
4.10012
4.14189
4.18883
4.22571
4.24359
4.24376
4.23628
4.22538
4.21473
4.20691
4.19811
4.17830
4.14114
4.09314
4.04170
3.98772
3.93190
3.87492
3.81274
3.74150
3.65827
3.56566
3.46987
3.37513
3.28039
3.18197
3.07463
2.95653
2.83097
2.70323
2.57838
2.45352
2.32255
2.18371
2.03796
1.88852
1.74090
1.59353
1.44584
1.29443
1.13801
0.97612
0.81224
0.64969
0.49219
0.33507
0.17340
0.00615
-0.16354
-0.33010
-0.49138
-0.64905
-0.80541
-0.96486
-1.12832
-1.29079
-1.44976
-1.60334
-1.75120
-1.89641
-2.04121
-2.18696
-2.33143
-2.46802
-2.59883
-2.72691
-2.85347
-2.97492
-3.09324
-3.20800
-3.31564
-3.41565
-3.51246
-3.60663
-3.69698
-3.78307
-3.86169
-3.93142
-3.99476
-4.05300
-4.10746
-4.15837
-4.20407
-4.24299
-4.27305
-4.29558
-4.31452
-4.32989
-4.33751
-4.33776
-4.33314
-4.32294
-4.30541
-4.28061
-4.25061
-4.21895
-4.18263
-4.13695
-4.08194
-4.02111
-3.95709
-3.88954
-3.81868
-3.74166
-3.65634
-3.56425
-3.46777
-3.36650
-3.26328
-3.15614
-3.04624
-2.93212
-2.81012
-2.68114
-2.54711
-2.41376
-2.28008
-2.14383
-2.00323
-1.85651
-1.70742
-1.55499
-1.40145
-1.24671
-1.09132
-0.93399
-0.77401
-0.61115
-0.44853
-0.28816
-0.12698
0.03579
0.19962
0.36391
0.52775
0.69020
0.85068
1.00932
1.16682
1.32230
1.47752
1.63217
1.78508
1.93222
2.07338
2.21086
2.34925
2.48807
2.62227
2.74960
2.87025
2.98755
3.10292
3.21377
3.32000
3.42060
3.51524
3.60604
3.69163
3.77266
3.84806
3.91546
3.97742
4.03271
4.08444
4.13164
4.17512
4.21379
4.24378
4.26595
4.28223
4.29375
4.30037
4.30144
4.29659
4.28734
4.27204
4.25196
4.22446
4.18885
4.14764
4.10214
4.05044
3.99285
3.93234
3.86567
3.79276
3.71289
3.62699
3.53549
3.43952
3.34124
3.23709
3.12839
3.01242
2.89097
2.76589
2.63900
2.50866
2.37384
2.23470
2.09248
1.94740
1.79874
1.64803
1.49448
1.33769
1.17994
1.02056
0.86055
0.69953
0.53595
0.37061
0.20403
0.03765
-0.12734
-0.29098
-0.45389
-0.61813
-0.78300
-0.94647
-1.10706
-1.26525
-1.42029
-1.57351
-1.72501
-1.87498
-2.02345
-2.16860
-2.30863
-2.44195
-2.57213
-2.70304
-2.83132
-2.95379
-3.07096
-3.18101
-3.28533
-3.38766
-3.48735
-3.58194
-3.67069
-3.75208
-3.82838
-3.89722
-3.96072
-4.02092
-4.07534
-4.12329
-4.16597
-4.20154
-4.23114
-4.25205
-4.26712
-4.27719
-4.28252
-4.28157
-4.27352
-4.25859
-4.23801
-4.21101
-4.17793
-4.13929
-4.09541
-4.04505
-3.98840
-3.92735
-3.86023
-3.78838
-3.71137
-3.62998
-3.54256
-3.44934
-3.35033
-3.24757
-3.14102
-3.03078
-2.91534
-2.79664
-2.67247
-2.54510
-2.41335
-2.27941
-2.14220
-2.00385
-1.86039
-1.71165
-1.56042
-1.41077
-1.26058
-1.10659
-0.94934
-0.78899
-0.62840
-0.46622
-0.30507
-0.14512
0.01538
0.17929
0.34515
0.50896
0.66957
0.82768
0.98617
1.14445
1.30150
1.45857
1.61381
1.76421
1.90916
2.05062
2.19168
2.33115
2.46672
2.60011
2.72998
2.85313
2.96914
3.08198
3.19211
3.29774
3.40219
3.50137
3.59586
3.68394
3.76458
3.83985
3.91200
3.98070
4.04445
4.10383
4.15762
4.20524
4.24688
4.28229
4.31368
4.33845
4.35983
4.37504
4.38596
4.39119
4.39042
4.38200
4.36389
4.34165
4.31455
4.28495
4.24979
4.20925
4.16010
4.10008
4.03354
3.96470
3.89367
3.81786
3.73573
3.64568
3.54694
3.44291
3.33573
3.22747
3.11404
2.99461
2.86840
2.73694
2.60173
2.46394
2.32540
2.18171
2.03428
1.88253
1.72757
1.57131
1.41279
1.25353
1.09145
0.92706
0.75990
0.59121
0.42337
0.25771
0.09265
-0.07339
-0.24292
-0.41368
-0.58347
-0.74901
-0.90993
-1.06855
-1.22853
-1.38790
-1.54654
-1.70271
-1.85391
-2.00043
-2.14470
-2.28569
-2.42285
-2.55606
-2.68492
-2.81149
-2.93460
-3.05192
-3.16243
-3.26677
-3.36724
-3.46395
-3.55676
-3.64336
-3.72313
-3.79750
-3.86673
-3.92993
-3.98785
-4.03916
-4.08339
-4.12231
-4.15510
-4.18265
-4.20466
-4.22041
-4.22938
-4.23093
-4.22495
-4.21311
-4.19659
-4.17638
-4.15080
-4.11867
-4.07871
-4.03067
-3.97837
-3.92256
-3.86231
-3.79676
-3.72513
-3.64710
-3.56443
-3.47694
-3.38510
-3.28864
-3.18731
-3.08111
-2.97040
-2.85575
-2.73928
-2.61962
-2.49442
-2.36418
-2.22969
-2.09486
-1.95612
-1.81593
-1.67195
-1.52504
-1.37507
-1.22253
-1.06921
-0.91416
-0.75868
-0.60247
-0.44400
-0.28431
-0.12262
0.03818
0.19833
0.35811
0.51989
0.68062
0.83861
0.99557
1.15118
1.30536
1.45874
1.61063
1.76032
1.90690
2.05045
2.19008
2.32575
2.45728
2.58935
2.71920
2.84599
2.96624
3.08114
3.19127
3.29744
3.40049
3.50111
3.59592
3.68534
3.77032
3.85089
3.92585
3.99504
4.05977
4.11929
4.17407
4.22420
4.27016
4.30963
4.34464
4.37466
4.39943
4.41739
4.42955
4.43767
4.44125
4.43825
4.42932
4.41345
4.39224
4.36466
4.33007
4.28834
4.24262
4.19149
4.13444
4.06957
3.99617
3.91665
3.83146
3.74296
3.64948
3.54966
3.44315
3.32857
3.20848
3.08588
2.95856
2.82650
2.69013
2.55033
2.40723
2.26007
2.10917
1.95404
1.79511
1.63505
1.47408
1.31329
1.14936
0.98224
0.81183
0.64025
0.46884
0.29806
0.12970
-0.03974
-0.20877
-0.38036
-0.55188
-0.72306
-0.89145
-1.05506
-1.21611
-1.37562
-1.53286
-1.69195
-1.84812
-2.00049
-2.14748
-2.28890
-2.42843
-2.56449
-2.69649
-2.82468
-2.94895
-3.06614
-3.17881
-3.28682
-3.39214
-3.49155
-3.58620
-3.67452
-3.75595
-3.83104
-3.90147
-3.96892
-4.03299
-4.08827
-4.13477
-4.17345
-4.20796
-4.23856
-4.26628
-4.28694
-4.29826
-4.29946
-4.29346
-4.28322
-4.27246
-4.25758
-4.23521
-4.20103
-4.15883
-4.11055
-4.06056
-4.00675
-3.94863
-3.88564
-3.81539
-3.73656
-3.65242
-3.56561
-3.47569
-3.38146
-3.28324
-3.17993
-3.07211
-2.95949
-2.84236
-2.72167
-2.59869
-2.47233
-2.34197
-2.20850
-2.07321
-1.93574
-1.79720
-1.65535
-1.50903
-1.35894
-1.20714
-1.05508
-0.90499
-0.75480
-0.60282
-0.44595
-0.28510
-0.12407
0.03392
0.18843
0.34211
0.49707
0.65311
0.81058
0.96910
1.12462
1.27524
1.42027
1.56370
1.70746
1.85044
1.99418
2.13385
2.26641
2.39160
2.51470
2.63454
2.75343
2.86946
2.98220
3.08893
3.18791
3.28102
3.36943
3.45493
3.53664
3.61410
3.68751
3.75559
3.81647
3.87078
3.92022
3.96367
4.00358
4.04039
4.07459
4.10255
4.12239
4.13443
4.14034
4.14240
4.14106
4.13669
4.12867
4.11367
4.09079
4.06030
4.02340
3.98235
3.93906
3.89144
3.83700
3.77529
3.70611
3.63079
3.55012
3.46536
3.37551
3.28045
3.17928
3.07245
2.96080
2.84377
2.71885
2.59001
2.45788
2.32307
2.18419
2.03977
1.89093
1.73681
1.57814
1.41716
1.25427
1.09080
0.92591
0.75782
0.58536
0.41000
0.23387
0.05908
-0.11360
-0.28695
-0.45917
-0.63233
-0.80652
-0.97929
-1.14935
-1.31566
-1.48057
-1.64328
-1.80212
-1.95611
-2.10717
-2.25500
-2.40083
-2.54194
-2.67891
-2.80978
-2.93562
-3.05609
-3.17166
-3.28199
-3.38805
-3.48971
-3.58594
-3.67635
-3.76023
-3.83793
-3.90863
-3.97411
-4.03601
-4.09358
-4.14473
-4.18953
-4.22687
-4.25628
-4.27873
-4.29571
-4.30945
-4.31880
-4.32127
-4.31579
-4.30415
-4.28368
-4.25891
-4.22817
-4.19358
-4.15397
-4.10748
-4.05501
-3.99551
-3.93186
-3.86202
-3.78628
-3.70664
-3.62343
-3.53519
-3.44217
-3.34478
-3.24285
-3.13694
-3.02629
-2.91255
-2.79543
-2.67496
-2.55041
-2.42425
-2.29573
-2.16329
-2.02822
-1.89105
-1.75263
-1.61286
-1.47105
-1.32575
-1.17903
-1.02944
-0.87932
-0.73034
-0.58214
-0.43245
-0.27937
-0.12300
0.03488
0.19059
0.34440
0.49615
0.64775
0.80205
0.95799
1.11314
1.26633
1.41761
1.56667
1.71276
1.85888
2.00204
2.14364
2.28256
2.41735
2.54771
2.67368
2.79777
2.91722
3.03244
3.14237
3.24745
3.34730
3.44074
3.52950
3.61202
3.69020
3.76336
3.83207
3.89434
3.94986
3.99791
4.04063
4.07933
4.11423
4.14258
4.16576
4.18280
4.19397
4.19771
4.19566
4.18956
4.17923
4.16505
4.14454
4.11762
4.08364
4.04266
3.99528
3.94294
3.88811
3.82927
3.76474
3.69449
3.61694
3.53331
3.44306
3.35047
3.25387
3.15476
3.05133
2.94318
2.82855
2.70644
2.57980
2.45064
2.32189
2.19141
2.05683
1.91668
1.77005
1.61936
1.46688
1.31434
1.16032
1.00471
0.84805
0.68582
0.52041
0.35312
0.18403
0.01722
-0.14743
-0.31149
-0.47637
-0.64513
-0.81454
-0.98258
-1.14860
-1.31145
-1.46979
-1.62556
-1.78021
-1.93307
-2.08617
-2.23526
-2.38051
-2.52103
-2.65547
-2.78482
-2.91034
-3.03472
-3.15641
-3.27332
-3.38419
-3.48874
-3.58696
-3.68116
-3.76837
-3.85170
-3.93188
-4.00626
-4.07390
-4.13486
-4.18701
-4.23170
-4.27285
-4.30792
-4.33754
-4.36068
-4.37702
-4.38577
-4.38924
-4.38564
-4.37503
-4.35825
-4.33598
-4.30843
-4.27500
-4.23487
-4.18941
-4.13595
-4.07623
-4.01083
-3.94063
-3.86634
-3.78435
-3.69744
-3.60533
-3.50815
-3.40593
-3.29922
-3.18725
-3.07197
-2.95263
-2.82846
-2.69913
-2.56587
-2.43175
-2.29499
-2.15535
-2.01216
-1.86596
-1.71744
-1.56625
-1.41372
-1.26098
-1.10699
-0.95104
-0.79412
-0.63665
-0.47820
-0.31653
-0.15771
0.00079
0.15936
0.31847
0.47902
0.63757
0.79589
0.95290
1.10828
1.26187
1.41535
1.56767
1.71642
1.86236
2.00633
2.14822
2.28699
2.42227
2.55276
2.68065
2.80510
2.92670
3.04285
3.15429
3.26098
3.36165
3.45686
3.54854
3.63650
3.71998
3.79795
3.86987
3.93559
3.99499
4.05062
4.09997
4.14533
4.18643
4.22273
4.25195
4.27300
4.28747
4.29707
4.30300
4.30382
4.29831
4.28652
4.26770
4.24246
4.21232
4.17669
4.13482
4.08774
4.03502
3.97733
3.91508
3.84798
3.77554
3.69668
3.61232
3.52336
3.42860
3.33163
3.22923
3.12296
3.01186
2.89481
2.77284
2.64772
2.51938
2.38778
2.25207
2.11202
1.96733
1.82016
1.66898
1.51627
1.36119
1.20385
1.04305
0.87949
0.71475
0.54933
0.38407
0.21852
0.05095
-0.11784
-0.28691
-0.45541
-0.62188
-0.78690
-0.94984
-1.11032
-1.27159
-1.43269
-1.59187
-1.74731
-1.89562
-2.03941
-2.18173
-2.32117
-2.45851
-2.59135
-2.71979
-2.84224
-2.95936
-3.07197
-3.18062
-3.28491
-3.38315
-3.47619
-3.56283
-3.64462
-3.72118
-3.79275
-3.85895
-3.91858
-3.97221
-4.01850
-4.05968
-4.09710
-4.12978
-4.15607
-4.17487
-4.18591
-4.19132
-4.19182
-4.18890
-4.18183
-4.16914
-4.14830
-4.11920
-4.08317
-4.04272
-3.99669
-3.94597
-3.89041
-3.82983
-3.76234
-3.68709
-3.60542
-3.51924
-3.42977
-3.33601
-3.23942
-3.13648
-3.02790
-2.91358
-2.79495
-2.67271
-2.54865
-2.42133
-2.29098
-2.15670
-2.01987
-1.87907
-1.73509
-1.58865
-1.43999
-1.28974
-1.13756
-0.98536
-0.83255
-0.67645
-0.51750
-0.35789
-0.19766
-0.03918
0.11771
0.27551
0.43254
0.59161
0.75102
0.91044
1.06679
1.22129
1.37306
1.52356
1.67309
1.82343
1.97231
2.11910
2.26032
2.39778
2.53232
2.66339
2.79228
2.92192
3.04783
3.16728
3.28090
3.38835
3.49100
3.59212
3.69135
3.78787
3.87843
3.96181
4.03746
4.10989
4.17825
4.24222
4.30245
4.35818
4.40686
4.45064
4.48811
4.51963
4.54560
4.56661
4.58003
4.58658
4.58771
4.58437
4.57623
4.56004
4.53442
4.50112
4.45962
4.41448
4.36467
4.30977
4.24641
4.17467
4.09501
4.00822
3.91741
3.82167
3.72212
3.61788
3.50781
3.38964
3.26533
3.13767
3.00683
2.87306
2.73637
2.59328
2.44654
2.29413
2.13970
1.98375
1.82618
1.66643
1.50243
1.33619
1.16778
0.99954
0.82886
0.65833
0.48730
0.31482
0.14204
-0.03128
-0.20440
-0.37728
-0.54832
-0.71897
-0.88858
-1.05621
-1.22147
-1.38617
-1.54730
-1.70593
-1.86123
-2.01405
-2.16368
-2.30897
-2.44930
-2.58519
-2.71740
-2.84699
-2.97283
-3.09359
-3.20862
-3.31747
-3.42078
-3.51873
-3.61381
-3.70463
-3.79081
-3.87109
-3.94415
-4.00996
-4.07057
-4.12489
-4.17319
-4.21516
-4.25255
-4.28337
-4.30728
-4.32416
-4.33503
-4.33788
-4.33392
-4.32320
-4.30795
-4.28899
-4.26379
-4.23102
-4.19211
-4.14557
-4.09290
-4.03479
-3.97351
-3.90995
-3.84065
-3.76401
-3.68088
-3.59103
-3.49788
-3.40264
-3.30473
-3.20296
-3.09572
-2.98260
-2.86589
-2.74653
-2.62404
-2.49888
-2.37010
-2.23804
-2.10348
-1.96545
-1.82396
-1.67906
-1.53212
-1.38429
-1.23457
-1.08413
-0.93132
-0.77672
-0.62137
-0.46370
-0.30647
-0.14994
0.00578
0.16229
0.31836
0.47564
0.63188
0.78698
0.93990
1.09159
1.24165
1.39125
1.53832
1.68580
1.83082
1.97266
2.11117
2.24777
2.38346
2.51552
2.64387
2.76841
2.88870
3.00595
3.12011
3.23003
3.33463
3.43423
3.52642
3.61417
3.69779
3.77730
3.85082
3.91673
3.97632
4.03067
4.07842
4.12117
4.15983
4.19337
4.22052
4.24168
4.25673
4.26756
4.27286
4.27096
4.26385
4.25129
4.23409
4.21063
4.18102
4.14392
4.10187
4.05354
3.99987
3.93918
3.87521
3.80491
3.72810
3.64469
3.55646
3.46381
3.36564
3.26320
3.15648
3.04438
2.92573
2.80180
2.67276
2.54028
2.40328
2.26198
2.11761
1.96885
1.81601
1.65753
1.49691
1.33322
1.16805
1.00000
0.82995
0.65755
0.48308
0.30784
0.13125
-0.04604
-0.22347
-0.40097
-0.57722
-0.75263
-0.92739
-1.10203
-1.27541
-1.44512
-1.61116
-1.77382
-1.93421
-2.09185
-2.24621
-2.39631
-2.54054
-2.68056
-2.81634
-2.94754
-3.07373
-3.19496
-3.31029
-3.41976
-3.52402
-3.62382
-3.71880
-3.80693
-3.88807
-3.96449
-4.03564
-4.10088
-4.16035
-4.21346
-4.26095
-4.30109
-4.33325
-4.36112
-4.38380
-4.40140
-4.41345
-4.41905
-4.41773
-4.40901
-4.39444
-4.37368
-4.34774
-4.31770
-4.28093
-4.23741
-4.18674
-4.12991
-4.06685
-3.99807
-3.92458
-3.84769
-3.76471
-3.67535
-3.58069
-3.48043
-3.37595
-3.26857
-3.15659
-3.04108
-2.92167
-2.79840
-2.67225
-2.54410
-2.41407
-2.27943
-2.14252
-2.00398
-1.86494
-1.72353
-1.58056
-1.43616
-1.28986
-1.14133
-0.99107
-0.84201
-0.69321
-0.54363
-0.39241
-0.23814
-0.08408
0.06913
0.22053
0.37138
0.52204
0.67530
0.82877
0.98099
1.13012
1.27764
1.42371
1.56817
1.71210
1.85407
1.99573
2.13422
2.26806
2.39813
2.52435
2.64724
2.76743
2.88494
2.99742
3.10379
3.20520
3.30022
3.39001
3.47538
3.55595
3.62976
3.69816
3.76103
3.81852
3.86976
3.91438
3.95212
3.98303
4.00872
4.02975
4.04737
4.05837
4.06133
4.05724
4.04660
4.03159
4.01122
3.98685
3.95747
3.92146
3.87801
3.82476
3.76613
3.70374
3.63864
3.56833
3.49201
3.40744
3.31524
3.21738
3.11736
3.01427
2.90730
2.79529
2.67785
2.55640
2.43100
2.30219
2.17085
2.03852
1.90361
1.76570
1.62431
1.48151
1.33807
1.19340
1.04579
0.89700
0.74591
0.59407
0.44282
0.29106
0.13856
-0.01575
-0.17061
-0.32675
-0.48230
-0.63588
-0.78742
-0.94033
-1.09356
-1.24720
-1.39900
-1.54852
-1.69520
-1.83906
-1.98036
-2.11949
-2.25690
-2.39358
-2.52769
-2.65843
-2.78385
-2.90332
-3.01852
-3.13130
-3.24336
-3.35265
-3.45782
-3.55621
-3.64860
-3.73408
-3.81507
-3.89308
-3.96704
-4.03831
-4.10351
-4.16059
-4.20959
-4.25345
-4.29519
-4.33194
-4.36406
-4.38878
-4.40614
-4.41603
-4.42172
-4.42376
-4.42008
-4.40935
-4.39044
-4.36561
-4.33528
-4.30129
-4.26017
-4.21191
-4.15684
-4.09499
-4.02885
-3.95711
-3.88000
-3.79683
-3.70686
-3.61124
-3.50951
-3.40359
-3.29495
-3.18071
-3.06147
-2.93594
-2.80585
-2.67026
-2.53141
-2.39129
-2.24871
-2.10110
-1.94847
-1.79241
-1.63310
-1.47288
-1.31169
-1.14966
-0.98384
-0.81584
-0.64556
-0.47282
-0.30292
-0.13517
0.03228
0.20031
0.36948
0.53761
0.70650
0.87256
1.03515
1.19316
