
0.00000
0.00000
0.00001
-0.00004
-0.00017
-0.00041
-0.00082
-0.00142
-0.00209
-0.00293
-0.00386
-0.00485
-0.00592
-0.00694
-0.00803
-0.00922
-0.01052
-0.01203
-0.01365
-0.01535
-0.01690
-0.01849
-0.01999
-0.02161
-0.02343
-0.02542
-0.02737
-0.02931
-0.03113
-0.03288
-0.03473
-0.03661
-0.03865
-0.04074
-0.04276
-0.04469
-0.04663
-0.04852
-0.05041
-0.05245
-0.05448
-0.05650
-0.05844
-0.06028
-0.06218
-0.06407
-0.06598
-0.06793
-0.06973
-0.07150
-0.07321
-0.07489
-0.07668
-0.07844
-0.08007
-0.08168
-0.08320
-0.08465
-0.08613
-0.08761
-0.08901
-0.09035
-0.09161
-0.09279
-0.09386
-0.09497
-0.09603
-0.09704
-0.09798
-0.09877
-0.09952
-0.10017
-0.10083
-0.10140
-0.10190
-0.10231
-0.10263
-0.10280
-0.10288
-0.10290
-0.10287
-0.10272
-0.10250
-0.10209
-0.10161
-0.10095
-0.10024
-0.09941
-0.09847
-0.09740
-0.09621
-0.09490
-0.09350
-0.09197
-0.09038
-0.08863
-0.08678
-0.08476
-0.08257
-0.08030
-0.07786
-0.07534
-0.07260
-0.06972
-0.06673
-0.06354
-0.06025
-0.05688
-0.05342
-0.04980
-0.04608
-0.04228
-0.03839
-0.03433
-0.03022
-0.02611
-0.02187
-0.01765
-0.01332
-0.00892
-0.00454
-0.00016
0.00414
0.00848
0.01272
0.01702
0.02123
0.02542
0.02950
0.03349
0.03739
0.04120
0.04490
0.04852
0.05194
0.05532
0.05851
0.06154
0.06448
0.06724
0.06984
0.07239
0.07467
0.07687
0.07891
0.08081
0.08252
0.08412
0.08553
0.08682
0.08794
0.08896
0.08977
0.09052
0.09108
0.09151
0.09182
0.09198
0.09201
0.09191
0.09173
0.09141
0.09099
0.09038
0.08968
0.08891
0.08802
0.08704
0.08595
0.08474
0.08341
0.08200
0.08048
0.07887
0.07722
0.07539
0.07355
0.07151
0.06941
0.06724
0.06493
0.06248
0.05996
0.05729
0.05450
0.05160
0.04859
0.04545
0.04217
0.03878
0.03528
0.03171
0.02800
0.02425
0.02044
0.01654
0.01259
0.00862
0.00464
0.00062
-0.00329
-0.00724
-0.01114
-0.01492
-0.01861
-0.02225
-0.02574
-0.02912
-0.03235
-0.03547
-0.03841
-0.04120
-0.04379
-0.04624
-0.04851
-0.05056
-0.05247
-0.05421
-0.05573
-0.05711
-0.05828
-0.05937
-0.06034
-0.06119
-0.06195
-0.06262
-0.06318
-0.06367
-0.06404
-0.06440
-0.06478
-0.06505
-0.06527
-0.06545
-0.06563
-0.06573
-0.06580
-0.06593
-0.06601
-0.06601
-0.06609
-0.06602
-0.06597
-0.06582
-0.06569
-0.06549
-0.06529
-0.06500
-0.06470
-0.06434
-0.06399
-0.06351
-0.06304
-0.06257
-0.06198
-0.06132
-0.06060
-0.05983
-0.05901
-0.05814
-0.05719
-0.05616
-0.05511
-0.05385
-0.05254
-0.05122
-0.04974
-0.04814
-0.04644
-0.04467
-0.04275
-0.04072
-0.03854
-0.03626
-0.03381
-0.03121
-0.02853
-0.02565
-0.02271
-0.01958
-0.01636
-0.01299
-0.00952
-0.00588
-0.00224
0.00155
0.00539
0.00936
0.01335
0.01742
0.02158
0.02581
0.02997
0.03427
0.03856
0.04286
0.04717
0.05141
0.05570
0.05991
0.06406
0.06809
0.07211
0.07600
0.07988
0.08353
0.08706
0.09048
0.09370
0.09679
0.09978
0.10255
0.10515
0.10762
0.10993
0.11200
0.11393
0.11573
0.11735
0.11882
0.12008
0.12121
0.12216
0.12299
0.12365
0.12418
0.12465
0.12489
0.12497
0.12503
0.12493
0.12472
0.12432
0.12391
0.12333
0.12262
0.12185
0.12089
0.11990
0.11875
0.11745
0.11606
0.11447
0.11277
0.11088
0.10887
0.10665
0.10422
0.10156
0.09873
0.09571
0.09243
0.08902
0.08546
0.08160
0.07764
0.07350
0.06930
0.06501
0.06060
0.05622
0.05171
0.04730
0.04285
0.03847
0.03419
0.03001
0.02597
0.02203
0.01833
0.01478
0.01150
0.00836
0.00549
0.00284
0.00036
-0.00181
-0.00382
-0.00561
-0.00722
-0.00861
-0.00986
-0.01090
-0.01189
-0.01266
-0.01333
-0.01387
-0.01436
-0.01479
-0.01513
-0.01539
-0.01567
-0.01593
-0.01617
-0.01636
-0.01664
-0.01683
-0.01713
-0.01735
-0.01763
-0.01794
-0.01822
-0.01854
-0.01889
-0.01922
-0.01958
-0.01989
-0.02026
-0.02060
-0.02090
-0.02125
-0.02159
-0.02185
-0.02218
-0.02246
-0.02270
-0.02298
-0.02321
-0.02347
-0.02371
-0.02389
-0.02407
-0.02426
-0.02434
-0.02442
-0.02455
-0.02456
-0.02447
-0.02437
-0.02423
-0.02397
-0.02366
-0.02325
-0.02270
-0.02207
-0.02129
-0.02032
-0.01924
-0.01803
-0.01666
-0.01512
-0.01339
-0.01149
-0.00942
-0.00716
-0.00478
-0.00218
0.00056
0.00343
0.00646
0.00958
0.01286
0.01614
0.01959
0.02309
0.02663
0.03025
0.03390
0.03759
0.04126
0.04495
0.04868
0.05237
0.05608
0.05972
0.06330
0.06682
0.07029
0.07359
0.07690
0.08006
0.08311
0.08604
0.08881
0.09143
0.09389
0.09627
0.09845
0.10047
0.10233
0.10398
0.10553
0.10694
0.10814
0.10924
0.11013
0.11083
0.11143
0.11194
0.11229
0.11254
0.11261
0.11254
0.11235
0.11207
0.11171
0.11121
0.11061
0.10987
0.10908
0.10817
0.10718
0.10609
0.10489
0.10360
0.10217
0.10060
0.09889
0.09711
0.09525
0.09321
0.09104
0.08877
0.08635
0.08380
0.08111
0.07836
0.07547
0.07248
0.06939
0.06619
0.06292
0.05961
0.05624
0.05286
0.04952
0.04611
0.04275
0.03943
0.03619
0.03309
0.03008
0.02721
0.02451
0.02199
0.01966
0.01758
0.01578
0.01419
0.01283
0.01176
0.01098
0.01037
0.01008
0.00994
0.01011
0.01049
0.01093
0.01160
0.01236
0.01321
0.01414
0.01507
0.01602
0.01687
0.01772
0.01846
0.01908
0.01956
0.01994
0.02008
0.02011
0.01989
0.01952
0.01897
0.01827
0.01736
0.01637
0.01521
0.01393
0.01255
0.01112
0.00959
0.00811
0.00657
0.00504
0.00355
0.00213
0.00078
-0.00058
-0.00179
-0.00292
-0.00396
-0.00490
-0.00574
-0.00643
-0.00706
-0.00752
-0.00794
-0.00825
-0.00848
-0.00865
-0.00872
-0.00875
-0.00868
-0.00855
-0.00837
-0.00811
-0.00779
-0.00741
-0.00694
-0.00639
-0.00586
-0.00516
-0.00442
-0.00358
-0.00268
-0.00169
-0.00057
0.00061
0.00192
0.00338
0.00485
0.00645
0.00815
0.00994
0.01183
0.01374
0.01578
0.01786
0.02004
0.02220
0.02445
0.02674
0.02899
0.03136
0.03373
0.03600
0.03834
0.04062
0.04293
0.04518
0.04740
0.04956
0.05162
0.05371
0.05564
0.05747
0.05924
0.06082
0.06232
0.06369
0.06487
0.06588
0.06670
0.06730
0.06774
0.06800
0.06807
0.06801
0.06772
0.06723
0.06661
0.06580
0.06479
0.06373
0.06248
0.06109
0.05959
0.05795
0.05617
0.05434
0.05235
0.05033
0.04817
0.04602
0.04374
0.04147
0.03907
0.03666
0.03416
0.03161
0.02903
0.02644
0.02377
0.02108
0.01834
0.01554
0.01272
0.00976
0.00679
0.00381
0.00070
-0.00245
-0.00568
-0.00901
-0.01243
-0.01588
-0.01943
-0.02298
-0.02661
-0.03030
-0.03402
-0.03776
-0.04151
-0.04517
-0.04887
-0.05250
-0.05598
-0.05947
-0.06286
-0.06603
-0.06913
-0.07206
-0.07473
-0.07726
-0.07953
-0.08158
-0.08337
-0.08490
-0.08619
-0.08717
-0.08788
-0.08827
-0.08847
-0.08841
-0.08809
-0.08758
-0.08687
-0.08600
-0.08499
-0.08385
-0.08265
-0.08143
-0.08017
-0.07891
-0.07777
-0.07665
-0.07564
-0.07480
-0.07411
-0.07362
-0.07330
-0.07321
-0.07337
-0.07380
-0.07443
-0.07538
-0.07648
-0.07784
-0.07943
-0.08128
-0.08326
-0.08541
-0.08768
-0.09015
-0.09270
-0.09530
-0.09804
-0.10073
-0.10340
-0.10610
-0.10870
-0.11122
-0.11363
-0.11590
-0.11791
-0.11978
-0.12144
-0.12276
-0.12390
-0.12466
-0.12511
-0.12525
-0.12503
-0.12436
-0.12330
-0.12186
-0.12000
-0.11765
-0.11491
-0.11169
-0.10800
-0.10393
-0.09944
-0.09449
-0.08920
-0.08356
-0.07750
-0.07123
-0.06464
-0.05779
-0.05079
-0.04362
-0.03634
-0.02891
-0.02144
-0.01395
-0.00644
0.00103
0.00844
0.01573
0.02291
0.02999
0.03690
0.04366
0.05028
0.05665
0.06283
0.06877
0.07447
0.07992
0.08512
0.09008
0.09471
0.09909
0.10315
0.10690
0.11037
0.11352
0.11631
0.11875
0.12084
0.12255
0.12390
0.12489
0.12545
0.12572
0.12553
0.12503
0.12418
0.12296
0.12136
0.11946
0.11727
0.11477
0.11200
0.10903
0.10581
0.10247
0.09898
0.09537
0.09173
0.08804
0.08436
0.08070
0.07715
0.07367
0.07031
0.06702
0.06391
0.06086
0.05802
0.05538
0.05275
0.05030
0.04799
0.04570
0.04346
0.04129
0.03905
0.03678
0.03440
0.03191
0.02926
0.02645
0.02339
0.02006
0.01648
0.01259
0.00846
0.00399
-0.00063
-0.00559
-0.01074
-0.01611
-0.02165
-0.02734
-0.03314
-0.03899
-0.04484
-0.05062
-0.05636
-0.06188
-0.06734
-0.07252
-0.07751
-0.08224
-0.08659
-0.09071
-0.09447
-0.09790
-0.10097
-0.10367
-0.10602
-0.10805
-0.10971
-0.11106
-0.11206
-0.11276
-0.11317
-0.11333
-0.11319
-0.11281
-0.11224
-0.11140
-0.11043
-0.10930
-0.10803
-0.10668
-0.10527
-0.10381
-0.10233
-0.10083
-0.09940
-0.09803
-0.09676
-0.09550
-0.09446
-0.09345
-0.09263
-0.09186
-0.09130
-0.09085
-0.09054
-0.09039
-0.09028
-0.09025
-0.09032
-0.09037
-0.09057
-0.09072
-0.09086
-0.09100
-0.09109
-0.09110
-0.09106
-0.09088
-0.09063
-0.09018
-0.08959
-0.08888
-0.08796
-0.08687
-0.08558
-0.08405
-0.08235
-0.08041
-0.07833
-0.07597
-0.07351
-0.07084
-0.06794
-0.06492
-0.06173
-0.05841
-0.05493
-0.05130
-0.04759
-0.04376
-0.03975
-0.03569
-0.03148
-0.02721
-0.02279
-0.01825
-0.01363
-0.00890
-0.00407
0.00082
0.00583
0.01092
0.01603
0.02123
0.02650
0.03170
0.03694
0.04215
0.04740
0.05253
0.05763
0.06265
0.06760
0.07239
0.07713
0.08169
0.08618
0.09049
0.09459
0.09858
0.10235
0.10592
0.10931
0.11244
0.11536
0.11800
0.12044
0.12266
0.12459
0.12630
0.12773
0.12887
0.12985
0.13056
0.13104
0.13130
0.13135
0.13121
0.13079
0.13022
0.12949
0.12859
0.12746
0.12624
0.12477
0.12318
0.12138
0.11942
0.11731
0.11494
0.11246
0.10987
0.10703
0.10405
0.10089
0.09766
0.09424
0.09070
0.08703
0.08324
0.07931
0.07526
0.07107
0.06674
0.06230
0.05772
0.05300
0.04812
0.04318
0.03815
0.03296
0.02780
0.02254
0.01727
0.01200
0.00676
0.00159
-0.00353
-0.00845
-0.01331
-0.01801
-0.02257
-0.02698
-0.03119
-0.03527
-0.03909
-0.04278
-0.04625
-0.04949
-0.05255
-0.05537
-0.05797
-0.06031
-0.06246
-0.06436
-0.06606
-0.06747
-0.06871
-0.06969
-0.07048
-0.07108
-0.07149
-0.07171
-0.07182
-0.07174
-0.07155
-0.07122
-0.07081
-0.07037
-0.06985
-0.06925
-0.06868
-0.06805
-0.06743
-0.06679
-0.06622
-0.06566
-0.06515
-0.06461
-0.06416
-0.06375
-0.06336
-0.06298
-0.06260
-0.06224
-0.06188
-0.06155
-0.06116
-0.06079
-0.06039
-0.05992
-0.05932
-0.05871
-0.05801
-0.05717
-0.05629
-0.05526
-0.05407
-0.05279
-0.05128
-0.04963
-0.04782
-0.04587
-0.04375
-0.04144
-0.03887
-0.03615
-0.03326
-0.03019
-0.02698
-0.02361
-0.02009
-0.01639
-0.01259
-0.00862
-0.00456
-0.00043
0.00384
0.00821
0.01262
0.01710
0.02167
0.02624
0.03088
0.03554
0.04021
0.04487
0.04961
0.05427
0.05891
0.06357
0.06812
0.07272
0.07717
0.08152
0.08582
0.08995
0.09395
0.09781
0.10152
0.10507
0.10846
0.11168
0.11470
0.11756
0.12019
0.12264
0.12498
0.12704
0.12904
0.13085
0.13245
0.13391
0.13520
0.13635
0.13734
0.13820
0.13885
0.13936
0.13969
0.13988
0.13987
0.13975
0.13949
0.13901
0.13835
0.13751
0.13652
0.13536
0.13402
0.13258
0.13091
0.12915
0.12717
0.12512
0.12288
0.12070
0.11835
0.11591
0.11349
0.11101
0.10847
0.10594
0.10341
0.10082
0.09827
0.09569
0.09309
0.09049
0.08788
0.08522
0.08258
0.07990
0.07728
0.07467
0.07206
0.06958
0.06708
0.06472
0.06240
0.06022
0.05813
0.05618
0.05441
0.05281
0.05139
0.05015
0.04902
0.04816
0.04743
0.04683
0.04650
0.04619
0.04605
0.04595
0.04586
0.04574
0.04560
0.04544
0.04515
0.04474
0.04412
0.04335
0.04242
0.04134
0.04004
0.03861
0.03708
0.03531
0.03342
0.03142
0.02930
0.02720
0.02493
0.02268
0.02040
0.01808
0.01579
0.01352
0.01128
0.00905
0.00689
0.00479
0.00277
0.00083
-0.00095
-0.00271
-0.00429
-0.00585
-0.00722
-0.00850
-0.00966
-0.01071
-0.01166
-0.01254
-0.01330
-0.01399
-0.01457
-0.01504
-0.01547
-0.01575
-0.01598
-0.01614
-0.01615
-0.01609
-0.01593
-0.01567
-0.01530
-0.01492
-0.01427
-0.01357
-0.01274
-0.01176
-0.01067
-0.00938
-0.00808
-0.00656
-0.00501
-0.00331
-0.00156
0.00024
0.00219
0.00414
0.00612
0.00812
0.01014
0.01222
0.01423
0.01627
0.01831
0.02036
0.02247
0.02453
0.02664
0.02875
0.03089
0.03305
0.03523
0.03743
0.03962
0.04180
0.04400
0.04619
0.04829
0.05031
0.05231
0.05417
0.05598
0.05771
0.05922
0.06061
0.06188
0.06297
0.06395
0.06473
0.06529
0.06570
0.06594
0.06596
0.06577
0.06542
0.06485
0.06405
0.06313
0.06192
0.06064
0.05919
0.05753
0.05575
0.05386
0.05184
0.04978
0.04758
0.04538
0.04304
0.04082
0.03850
0.03622
0.03394
0.03173
0.02953
0.02736
0.02522
0.02320
0.02117
0.01925
0.01736
0.01551
0.01375
0.01210
0.01051
0.00903
0.00753
0.00616
0.00485
0.00368
0.00255
0.00144
0.00038
-0.00068
-0.00178
-0.00288
-0.00409
-0.00535
-0.00672
-0.00824
-0.00982
-0.01162
-0.01350
-0.01551
-0.01764
-0.01981
-0.02203
-0.02428
-0.02644
-0.02852
-0.03048
-0.03227
-0.03392
-0.03544
-0.03674
-0.03785
-0.03876
-0.03953
-0.04017
-0.04067
-0.04101
-0.04127
-0.04142
-0.04153
-0.04154
-0.04157
-0.04157
-0.04163
-0.04162
-0.04169
-0.04183
-0.04213
-0.04248
-0.04296
-0.04365
-0.04451
-0.04557
-0.04681
-0.04836
-0.05006
-0.05206
-0.05424
-0.05669
-0.05935
-0.06220
-0.06519
-0.06838
-0.07169
-0.07510
-0.07863
-0.08220
-0.08578
-0.08945
-0.09312
-0.09670
-0.10024
-0.10375
-0.10703
-0.11029
-0.11336
-0.11620
-0.11885
-0.12124
-0.12332
-0.12510
-0.12656
-0.12756
-0.12818
-0.12836
-0.12806
-0.12731
-0.12603
-0.12433
-0.12209
-0.11939
-0.11623
-0.11258
-0.10867
-0.10429
-0.09954
-0.09448
-0.08925
-0.08373
-0.07803
-0.07225
-0.06633
-0.06035
-0.05428
-0.04826
-0.04223
-0.03623
-0.03027
-0.02436
-0.01856
-0.01279
-0.00705
-0.00142
0.00413
0.00965
0.01512
0.02054
0.02593
0.03119
0.03638
0.04149
0.04648
0.05129
0.05593
0.06026
0.06448
0.06833
0.07188
0.07503
0.07784
0.08024
0.08213
0.08363
0.08470
0.08520
0.08528
0.08491
0.08403
0.08269
0.08092
0.07875
0.07617
0.07321
0.06988
0.06620
0.06219
0.05801
0.05351
0.04883
0.04408
0.03910
0.03409
0.02908
0.02403
0.01905
0.01415
0.00934
0.00469
0.00018
-0.00415
-0.00828
-0.01221
-0.01588
-0.01936
-0.02260
-0.02561
-0.02842
-0.03105
-0.03355
-0.03590
-0.03813
-0.04035
-0.04244
-0.04462
-0.04688
-0.04928
-0.05179
-0.05457
-0.05761
-0.06092
-0.06455
-0.06846
-0.07274
-0.07731
-0.08229
-0.08750
-0.09311
-0.09893
-0.10488
-0.11105
-0.11734
-0.12369
-0.13008
-0.13646
-0.14273
-0.14889
-0.15485
-0.16061
-0.16612
-0.17131
-0.17622
-0.18074
-0.18497
-0.18880
-0.19230
-0.19543
-0.19819
-0.20061
-0.20268
-0.20441
-0.20585
-0.20696
-0.20779
-0.20833
-0.20867
-0.20872
-0.20856
-0.20817
-0.20758
-0.20682
-0.20586
-0.20475
-0.20342
-0.20198
-0.20044
-0.19872
-0.19685
-0.19490
-0.19270
-0.19037
-0.18793
-0.18531
-0.18252
-0.17964
-0.17651
-0.17319
-0.16970
-0.16605
-0.16216
-0.15811
-0.15386
-0.14940
-0.14474
-0.13987
-0.13480
-0.12959
-0.12418
-0.11863
-0.11295
-0.10709
-0.10117
-0.09519
-0.08915
-0.08310
-0.07706
-0.07109
-0.06517
-0.05942
-0.05378
-0.04837
-0.04306
-0.03800
-0.03315
-0.02851
-0.02414
-0.02000
-0.01609
-0.01237
-0.00887
-0.00550
-0.00233
0.00061
0.00354
0.00627
0.00888
0.01144
0.01392
0.01635
0.01869
0.02102
0.02328
0.02553
0.02770
0.02986
0.03197
0.03413
0.03614
0.03824
0.04019
0.04216
0.04405
0.04596
0.04784
0.04971
0.05158
0.05347
0.05537
0.05723
0.05918
0.06115
0.06316
0.06516
0.06727
0.06936
0.07155
0.07373
0.07600
0.07831
0.08066
0.08296
0.08533
0.08777
0.09015
0.09243
0.09474
0.09687
0.09895
0.10088
0.10263
0.10420
0.10557
0.10661
0.10742
0.10789
0.10801
0.10779
