
0.00000
0.00000
0.03950
0.24914
0.62244
1.06889
1.47470
1.76793
1.96368
2.14406
2.37745
2.68174
3.03428
3.38844
3.71348
3.99984
4.26292
4.52488
4.79990
5.09120
5.37773
5.65911
5.93527
6.21348
6.49414
6.76628
7.00953
7.22629
7.43405
7.65370
7.89940
8.14719
8.37995
8.57717
8.73896
8.88243
9.03636
9.20793
9.38551
9.55285
9.69000
9.79946
9.89263
9.97635
10.06435
10.15239
10.23777
10.30866
10.35106
10.37486
10.38864
10.39342
10.39719
10.39739
10.38605
10.35931
10.31332
10.24988
10.17798
10.10342
10.02449
9.93713
9.83372
9.71359
9.57773
9.43616
9.29342
9.14515
8.98619
8.80930
8.62093
8.42190
8.22148
8.01656
7.80750
7.58792
7.35696
7.11212
6.85910
6.60290
6.34586
6.08384
5.81423
5.52927
5.23769
4.94091
4.64455
4.34756
4.04561
3.73429
3.41352
3.08827
2.76162
2.43477
2.11134
1.78542
1.45483
1.11682
0.77265
0.43294
0.09336
-0.24822
-0.59605
-0.94383
-1.29189
-1.64426
-1.99308
-2.33749
-2.67961
-3.02377
-3.36567
-3.70724
-4.04335
-4.37296
-4.69473
-5.01126
-5.32654
-5.63674
-5.94249
-6.24082
-6.52548
-6.79900
-7.06266
-7.32078
-7.56461
-7.79853
-8.01832
-8.22731
-8.42093
-8.60035
-8.76680
-8.92450
-9.06661
-9.18832
-9.28937
-9.37443
-9.44599
-9.50741
-9.55542
-9.58487
-9.59260
-9.58248
-9.55455
-9.51352
-9.46163
-9.39582
-9.31562
-9.22020
-9.10412
-8.97013
-8.82140
-8.66431
-8.49631
-8.31958
-8.12857
-7.92063
-7.70063
-7.46783
-7.22472
-6.97245
-6.71399
-6.44599
-6.16925
-5.87977
-5.58324
-5.28371
-4.97718
-4.66514
-4.34679
-4.01909
-3.68449
-3.34926
-3.01241
-2.67231
-2.33158
-1.98581
-1.63725
-1.28131
-0.92398
-0.57130
-0.21962
0.13198
0.48790
0.85186
1.21570
1.57685
1.93416
2.29087
2.65000
3.00830
3.36609
3.72180
4.07314
4.42052
4.76220
5.10018
5.43303
5.75645
6.07017
6.37550
6.67111
6.95947
7.23997
7.50746
7.75681
7.98953
8.20533
8.40578
8.59163
8.76441
8.91886
9.05825
9.17698
9.27927
9.35906
9.41475
9.45229
9.47190
9.47258
9.45842
9.42774
9.38136
9.31675
9.23511
9.13703
9.02515
8.90066
8.76965
8.62571
8.47215
8.30524
8.12373
7.93390
7.73704
7.53755
7.32835
7.11121
6.88829
6.65825
6.41894
6.17956
5.92959
5.67494
5.41574
5.15325
4.88596
4.61691
4.33985
4.05817
3.77207
3.48501
3.19683
2.91010
2.62225
2.32966
2.03137
1.73137
1.43354
1.13576
0.84168
0.54816
0.25309
-0.04232
-0.34308
-0.64310
-0.93759
-1.23041
-1.52188
-1.81809
-2.11489
-2.41091
-2.70323
-2.99467
-3.28318
-3.57600
-3.87175
-4.16577
-4.45855
-4.74518
-5.03383
-5.31686
-5.59808
-5.87957
-6.16014
-6.43234
-6.70247
-6.96387
-7.22322
-7.47162
-7.71472
-7.95265
-8.18742
-8.41032
-8.62826
-8.83465
-9.03242
-9.22117
-9.39818
-9.56564
-9.72212
-9.86689
-9.99920
-10.11919
-10.22260
-10.31484
-10.38844
-10.45149
-10.49823
-10.52902
-10.54221
-10.53978
-10.51954
-10.48401
-10.43437
-10.37167
-10.28833
-10.19209
-10.08126
-9.95655
-9.81729
-9.66660
-9.50065
-9.31932
-9.12673
-8.92496
-8.71327
-8.49285
-8.25895
-8.01236
-7.76059
-7.49831
-7.23108
-6.95543
-6.67577
-6.38451
-6.08526
-5.78330
-5.47889
-5.17212
-4.85771
-4.53651
-4.21022
-3.87813
-3.54107
-3.20074
-2.86138
-2.51675
-2.16389
-1.80119
-1.43441
-1.06004
-0.67993
-0.30108
0.07754
0.46197
0.84835
1.23897
1.63108
2.02171
2.41066
2.78847
3.15931
3.51932
3.87424
4.22063
4.55673
4.88041
5.18806
5.47850
5.74802
5.99926
6.23093
6.44346
6.63648
6.80893
6.96442
7.09302
7.20206
7.28767
7.34896
7.39168
7.41821
7.43186
7.42897
7.40744
7.36616
7.30102
7.22223
7.13526
7.04133
6.93704
6.81969
6.68989
6.54601
6.39151
6.23492
6.07257
5.90634
5.72821
5.54145
5.34816
5.14745
4.94290
4.73846
4.52671
4.31027
4.08461
3.85539
3.62188
3.38396
3.14499
2.90159
2.65253
2.40215
2.14778
1.89282
1.64120
1.38765
1.13262
0.87428
0.61005
0.34913
0.09392
-0.15763
-0.40608
-0.65552
-0.90943
-1.16601
-1.42050
-1.66864
-1.91454
-2.15970
-2.40308
-2.64946
-2.89282
-3.13831
-3.38803
-3.64052
-3.89019
-4.13798
-4.38525
-4.63486
-4.88731
-5.14200
-5.39851
-5.65413
-5.91050
-6.16591
-6.41910
-6.67015
-6.91577
-7.16088
-7.40149
-7.63922
-7.87156
-8.09595
-8.31337
-8.52121
-8.72035
-8.90924
-9.08999
-9.26523
-9.43147
-9.58890
-9.73158
-9.86007
-9.97450
-10.07822
-10.16717
-10.24692
-10.31285
-10.36633
-10.40170
-10.42202
-10.42514
-10.41038
-10.38368
-10.34159
-10.28504
-10.21227
-10.12433
-10.02363
-9.90878
-9.77642
-9.62984
-9.46858
-9.29561
-9.11196
-8.91688
-8.70896
-8.48863
-8.25661
-8.01387
-7.76234
-7.50319
-7.23780
-6.96414
-6.67983
-6.38930
-6.09142
-5.78819
-5.48058
-5.16829
-4.84773
-4.52502
-4.19919
-3.86732
-3.52990
-3.18984
-2.84509
-2.49388
-2.14024
-1.78549
-1.42880
-1.07257
-0.71343
-0.35607
0.00976
0.37614
0.74375
1.10728
1.46511
1.81816
2.16686
2.51386
2.85527
3.19070
3.51699
3.83191
4.13525
4.42316
4.69820
4.95970
5.20258
5.42888
5.63753
5.82658
5.99286
6.13943
6.26527
6.36677
6.44428
6.50041
6.53494
6.55246
6.54604
6.51890
6.47255
6.40649
6.32467
6.22690
6.11563
5.99771
5.86900
5.73339
5.58505
5.43050
5.27272
5.11371
4.95339
4.79770
4.63824
4.48002
4.31724
4.15613
3.99748
3.84225
3.68695
3.53346
3.37946
3.22559
3.06863
2.90800
2.74031
2.56788
2.39414
2.21723
2.03562
1.84629
1.64931
1.44094
1.22455
1.00371
0.77828
0.55126
0.31493
0.07297
-0.17892
-0.43438
-0.69429
-0.95510
-1.21201
-1.46861
-1.72427
-1.98072
-2.24271
-2.50389
-2.76287
-3.01656
-3.26550
-3.51266
-3.75608
-3.99558
-4.23373
-4.47022
-4.70282
-4.93165
-5.15539
-5.37929
-5.59820
-5.81739
-6.03294
-6.24114
-6.44505
-6.64702
-6.84736
-7.04700
-7.23563
-7.41687
-7.58903
-7.75762
-7.92067
-8.08078
-8.23423
-8.37044
-8.49563
-8.61028
-8.71394
-8.81666
-8.91123
-8.99486
-9.05863
-9.10874
-9.14537
-9.17338
-9.19316
-9.20119
-9.19578
-9.17707
-9.13595
-9.08161
-9.01457
-8.93279
-8.83723
-8.72303
-8.59167
-8.44433
-8.28160
-8.10074
-7.90586
-7.69562
-7.47092
-7.23234
-6.98114
-6.71543
-6.44290
-6.15964
-5.86258
-5.55216
-5.22978
-4.89861
-4.56336
-4.22270
-3.87720
-3.52312
-3.15922
-2.78422
-2.40766
-2.03083
-1.65736
-1.28108
-0.90024
-0.51387
-0.12395
0.27035
0.66121
1.04669
1.42704
1.80611
2.18999
2.57489
2.96293
3.34907
3.72753
4.10022
4.47072
4.84033
5.21137
5.58341
5.95251
6.31623
6.66977
7.01408
7.35102
7.68269
8.00861
8.33087
8.64313
8.94132
9.22452
9.49127
9.74025
9.97624
10.19915
10.40655
10.59869
10.76901
10.91328
11.03276
11.12894
11.20614
11.26168
11.29711
11.31124
11.30292
11.26863
11.20902
11.12662
11.02884
10.91644
10.78936
10.64699
10.48905
10.31753
10.13433
9.94149
9.74772
9.54906
9.34899
9.14716
8.94377
8.74066
8.53979
8.33984
8.14771
7.96298
7.78438
7.61448
7.44720
7.28371
7.12335
6.96977
6.82002
6.67720
6.54008
6.40721
6.27454
6.13692
5.99976
5.86059
5.72201
5.58840
5.44983
5.30820
5.15806
4.99899
4.82994
4.65468
4.47326
4.28077
4.08167
3.86881
3.64898
3.41454
3.16600
2.89813
2.61711
2.32220
2.01168
1.68522
1.34643
0.99195
0.62078
0.23410
-0.17029
-0.58968
-1.02077
-1.45842
-1.90632
-2.35888
-2.81840
-3.28741
-3.75942
-4.22938
-4.69429
-5.15420
-5.60354
-6.04495
-6.47852
-6.90435
-7.31866
-7.71828
-8.09869
-8.46143
-8.80238
-9.12833
-9.43582
-9.72509
-9.99433
-10.24225
-10.46591
-10.66596
-10.84509
-11.00000
-11.13053
-11.24016
-11.32574
-11.38881
-11.43013
-11.44494
-11.43506
-11.39887
-11.33636
-11.24897
-11.13749
-11.00209
-10.83793
-10.65135
-10.43981
-10.20417
-9.94735
-9.66728
-9.36433
-9.04109
-8.69846
-8.33411
-7.95437
-7.55851
-7.15116
-6.73586
-6.31246
-5.88011
-5.44110
-4.99590
-4.55039
-4.10798
-3.67275
-3.24453
-2.82249
-2.40261
-1.98725
-1.57814
-1.18038
-0.79649
-0.42116
-0.05731
0.29890
0.65051
0.99703
1.33578
1.67085
1.99991
2.32815
2.65852
2.99122
3.32845
3.67052
4.01830
4.37009
4.72990
5.09646
5.46863
5.84697
6.23310
6.62298
7.01512
7.40861
7.79712
8.18342
8.56489
8.94044
9.30352
9.65681
9.99182
10.30853
10.59943
10.86860
11.11761
11.34166
11.54633
11.72295
11.86946
11.98167
12.06341
12.11371
12.14064
12.14426
12.12449
12.07677
12.00261
11.90081
11.77293
11.62143
11.45212
11.26642
11.06522
10.84802
10.61361
10.36276
10.09365
9.81506
9.52947
9.24440
8.95788
8.66827
8.37281
8.07047
7.76329
7.46187
7.16308
6.87364
6.58519
6.30515
6.02220
5.74119
5.46122
5.18467
4.91576
4.65596
4.39610
4.14083
3.87774
3.61358
3.35235
3.09099
2.83165
2.57599
2.31651
2.05493
1.78693
1.51310
1.23731
0.95655
0.67417
0.38913
0.10030
-0.19133
-0.49141
-0.79805
-1.11163
-1.42326
-1.73642
-2.04841
-2.35987
-2.67072
-2.98257
-3.29721
-3.61190
-3.91962
-4.22162
-4.51722
-4.80566
-5.09455
-5.38014
-5.66378
-5.94352
-6.21602
-6.48460
-6.74882
-7.00640
-7.25873
-7.50390
-7.74271
-7.98011
-8.20930
-8.42779
-8.63722
-8.83343
-9.01843
-9.18867
-9.34964
-9.49997
-9.63498
-9.75387
-9.86015
-9.94867
-10.02471
-10.08300
-10.12599
-10.15385
-10.16520
-10.15663
-10.13065
-10.08667
-10.02808
-9.95336
-9.86176
-9.75202
-9.62318
-9.47810
-9.31669
-9.13853
-8.94977
-8.74515
-8.52507
-8.29170
-8.04569
-7.78932
-7.51615
-7.23752
-6.94898
-6.65045
-6.34235
-6.02310
-5.69711
-5.36270
-5.02040
-4.67186
-4.31660
-3.95139
-3.57939
-3.20523
-2.82309
-2.43605
-2.04376
-1.65166
-1.25696
-0.86135
-0.46233
-0.06091
0.34440
0.74634
1.14704
1.54855
1.94635
2.34591
2.74591
3.14894
3.54887
3.94706
4.34249
4.72939
5.11063
5.48619
5.85226
6.21095
6.55919
6.89552
7.21399
7.51469
7.79637
8.05980
8.30899
8.53905
8.75255
8.94382
9.11510
9.26389
9.39074
9.49855
9.58464
9.65094
9.69679
9.72129
9.72507
9.71028
9.67371
9.61681
9.53990
9.44447
9.32995
9.20088
9.05377
8.89391
8.71723
8.52571
8.31917
8.10146
7.87416
7.63789
7.39201
7.13971
6.87687
6.60902
6.33301
6.05437
5.77496
5.49299
5.20665
4.91820
4.62961
4.33962
4.05017
3.76091
3.46996
3.17675
2.88440
2.58943
2.29890
2.00828
1.71858
1.42740
1.13427
0.83675
0.53594
0.23634
-0.05885
-0.35457
-0.65105
-0.95327
-1.25944
-1.56777
-1.87709
-2.18612
-2.49632
-2.81127
-3.12779
-3.44758
-3.76609
-4.08537
-4.40226
-4.72085
-5.03799
-5.35465
-5.67096
-5.98111
-6.28739
-6.58968
-6.88854
-7.18587
-7.47653
-7.76212
-8.03755
-8.30365
-8.56206
-8.81355
-9.05970
-9.30314
-9.53319
-9.75205
-9.95659
-10.14510
-10.32489
-10.49073
-10.64467
-10.78760
-10.91428
-11.02231
-11.11013
-11.17956
-11.23223
-11.27207
-11.29622
-11.30604
-11.29558
-11.26683
-11.21910
-11.15611
-11.07569
-10.98509
-10.88177
-10.76264
-10.63088
-10.48593
-10.32584
-10.15239
-9.96595
-9.76557
-9.55471
-9.33342
-9.10415
-8.86237
-8.60864
-8.34137
-8.06330
-7.77558
-7.48288
-7.18388
-6.87509
-6.55739
-6.22932
-5.89034
-5.54703
-5.19906
-4.84949
-4.49531
-4.14268
-3.78241
-3.41870
-3.05756
-2.69531
-2.33955
-1.98810
-1.64044
-1.29639
-0.95479
-0.61184
-0.27158
0.05893
0.38061
0.69546
1.00475
1.31216
1.61521
1.91356
2.20244
2.47814
2.74124
2.99043
3.22839
3.45443
3.66897
3.87073
4.05340
4.21843
4.36270
4.48769
4.59412
4.68038
4.74793
4.79807
4.82712
4.84297
4.84259
4.82716
4.79652
4.75372
4.70097
4.64096
4.58069
4.51821
4.45349
4.38342
4.31014
4.23324
4.16229
4.08949
4.02012
3.95348
3.88376
3.80947
3.73075
3.64740
3.56411
3.47726
3.38563
3.28529
3.17777
3.05913
2.93540
2.80534
2.67029
2.52677
2.37099
2.20613
2.02948
1.84964
1.65747
1.46143
1.25663
1.04317
0.82259
0.59534
0.36256
0.12587
-0.11296
-0.35477
-0.60144
-0.84854
-1.09546
-1.34562
-1.59465
-1.84428
-2.09453
-2.34442
-2.59384
-2.84058
-3.08530
-3.32574
-3.57170
-3.81798
-4.06475
-4.30955
-4.55294
-4.79366
-5.02981
-5.26600
-5.50132
-5.73653
-5.96662
-6.19207
-6.41189
-6.62033
-6.81966
-7.01031
-7.19062
-7.36440
-7.52754
-7.68088
-7.82406
-7.95411
-8.07444
-8.18135
-8.27964
-8.36898
-8.45317
-8.52990
-8.59697
-8.65472
-8.70283
-8.73862
-8.76521
-8.78271
-8.79205
-8.79447
-8.78617
-8.76140
-8.72322
-8.66850
-8.60017
-8.52293
-8.43564
-8.33582
-8.22073
-8.08699
-7.93639
-7.77149
-7.59291
-7.40035
-7.19266
-6.97078
-6.73208
-6.47447
-6.20293
-5.91180
-5.61253
-5.30247
-4.98110
-4.64923
-4.30785
-3.95574
-3.59817
-3.23250
-2.86598
-2.49434
-2.12762
-1.75690
-1.38959
-1.02100
-0.65687
-0.29667
0.05910
0.40927
0.75191
1.09237
1.42417
1.75296
2.07597
2.38887
2.69266
2.98966
3.28002
3.56392
3.83600
4.09827
4.35075
4.59650
4.83597
5.06613
5.28940
5.50484
5.71271
5.91738
6.11808
6.32021
6.51980
6.71314
6.90545
7.09577
7.28289
7.46851
7.65022
7.82609
7.99468
8.14878
8.28974
8.41697
8.52711
8.61783
8.69245
8.74787
8.78607
8.80414
8.80303
8.78281
8.74567
8.69324
8.62564
8.54222
8.44891
8.34376
8.22716
8.09824
7.96423
7.82166
7.67448
7.52472
7.37461
7.22078
7.06470
6.90902
6.75415
6.60455
6.45856
6.32136
6.18682
6.05863
5.93242
5.81250
5.69961
5.59071
5.48726
5.38750
5.28995
5.19244
5.09692
5.00368
4.91122
4.81807
4.72450
4.62510
4.52633
4.42766
4.31987
4.21050
4.09420
3.97079
3.84423
3.70869
3.56329
3.40639
3.23588
3.05275
2.85542
2.63975
2.40807
2.15927
1.89045
1.60462
1.30085
0.97769
0.63917
0.28402
-0.08049
-0.45733
-0.84362
-1.23821
-1.63797
-2.04299
-2.44665
-2.84584
-3.24131
-3.62839
-4.00872
-4.37930
-4.74114
-5.09299
-5.43315
-5.76003
-6.07108
-6.36737
-6.65095
-6.91940
-7.17669
-7.42417
-7.65801
-7.87998
-8.08652
-8.27817
-8.45486
-8.61822
-8.76877
-8.90430
-9.02221
-9.11581
-9.19197
-9.24001
-9.26525
-9.26450
-9.23681
-9.18204
-9.09595
-8.98237
-8.83945
-8.66408
-8.45980
-8.22544
-7.96147
-7.66970
-7.35274
-7.01077
-6.64440
-6.25382
-5.84181
-5.40768
-4.95231
-4.48851
-4.00915
-3.51797
-3.01965
-2.50713
-1.99253
-1.47864
-0.96616
-0.45804
0.04467
0.54552
1.03872
1.52129
1.98879
2.44221
2.88153
3.30493
3.71787
4.11382
4.49682
4.86418
5.21388
5.55015
5.87462
6.18744
6.49244
6.79032
7.08339
7.37190
7.66198
7.94914
8.23978
8.53916
8.84582
9.15998
9.48411
9.81895
10.16288
10.51597
10.87183
11.23823
11.60577
11.97632
12.35209
12.72579
13.09243
13.44777
13.79095
14.11907
14.43363
14.73055
15.00881
15.26392
15.49013
15.68758
15.85034
15.98682
16.09546
16.18025
16.23598
16.26008
16.25257
16.21503
16.14926
16.06261
15.95433
15.82432
15.67349
15.50264
15.30999
15.09816
14.87200
14.63035
14.37715
14.11084
13.83341
13.54088
13.23914
12.92965
12.60864
12.27498
11.93368
11.57899
11.21556
10.84679
10.46785
10.07752
9.67671
9.26409
8.84015
8.40884
7.97118
7.52372
7.06489
6.59402
6.11248
5.62287
5.12766
4.62620
4.12067
3.60882
3.09008
2.56547
2.03369
1.50086
0.97046
0.44351
-0.07518
-0.58857
-1.09344
-1.59323
-2.08426
-2.56147
-3.02008
-3.45942
-3.87344
-4.26854
-4.64520
-5.00226
-5.34432
-5.66398
-5.96061
-6.23252
-6.48467
-6.71931
-6.93845
-7.14695
-7.33712
-7.50909
-7.66545
-7.80993
-7.94333
-8.06626
-8.17613
-8.27244
-8.35779
-8.43008
-8.49435
-8.54540
-8.58574
-8.61076
-8.62782
-8.63047
-8.62228
-8.60124
-8.57086
-8.53041
-8.48025
-8.42029
-8.35198
-8.27794
-8.19527
-8.10578
-8.00937
-7.90668
-7.79720
-7.68591
-7.57071
-7.45567
-7.33366
-7.20854
-7.08026
-6.94920
-6.81556
-6.68323
-6.55158
-6.41240
-6.26759
-6.11730
-5.95803
-5.79847
-5.63511
-5.46439
-5.28194
-5.08751
-4.87833
-4.65470
-4.41833
-4.16859
-3.90637
