
0.00000
0.00000
-0.00025
0.00341
0.00972
0.02308
0.04478
0.07678
0.11421
0.15989
0.21013
0.26349
0.32038
0.37673
0.43602
0.49941
0.57041
0.65168
0.73888
0.83134
0.91618
1.00076
1.08225
1.17048
1.26851
1.37576
1.48220
1.58598
1.68516
1.77928
1.87914
1.98125
2.09185
2.20463
2.31426
2.41814
2.52239
2.62467
2.72812
2.83811
2.94759
3.05648
3.16193
3.26109
3.36396
3.46552
3.56925
3.67395
3.77259
3.86814
3.96154
4.05320
4.14848
4.24317
4.33327
4.41913
4.50100
4.58024
4.65956
4.73940
4.81602
4.88844
4.95540
5.01935
5.07869
5.13785
5.19545
5.24960
5.30042
5.34312
5.38321
5.41890
5.45348
5.48495
5.51310
5.53501
5.55158
5.56078
5.56553
5.56764
5.56570
5.55737
5.54506
5.52243
5.49605
5.46151
5.42242
5.37824
5.32730
5.26920
5.20484
5.13439
5.05840
4.97580
4.88881
4.79502
4.69447
4.58601
4.46798
4.34409
4.21291
4.07565
3.92804
3.77240
3.61038
3.43827
3.26057
3.07740
2.89017
2.69477
2.49482
2.28844
2.07641
1.85772
1.63679
1.41327
1.18436
0.95444
0.72029
0.48279
0.24630
0.00969
-0.22337
-0.45718
-0.68738
-0.91968
-1.14765
-1.37420
-1.59486
-1.81029
-2.02039
-2.22696
-2.42688
-2.62167
-2.80975
-2.99021
-3.16172
-3.32746
-3.48563
-3.63510
-3.77727
-3.91342
-4.03862
-4.15666
-4.26710
-4.36902
-4.46215
-4.54861
-4.62548
-4.69465
-4.75612
-4.81031
-4.85511
-4.89467
-4.92575
-4.94880
-4.96511
-4.97417
-4.97547
-4.97035
-4.96046
-4.94286
-4.91924
-4.88768
-4.84981
-4.80809
-4.75960
-4.70646
-4.64825
-4.58241
-4.50965
-4.43371
-4.35271
-4.26516
-4.17469
-4.07703
-3.97660
-3.86725
-3.75353
-3.63587
-3.51008
-3.37812
-3.24187
-3.09732
-2.94666
-2.78991
-2.62641
-2.45708
-2.27993
-2.09636
-1.90746
-1.71312
-1.51369
-1.31023
-1.10389
-0.89342
-0.68012
-0.46449
-0.24906
-0.03234
0.18057
0.39247
0.60288
0.80771
1.00801
1.20417
1.39347
1.57623
1.75102
1.91972
2.07925
2.23025
2.37077
2.50334
2.62548
2.73657
2.83970
2.93227
3.01462
3.08931
3.15373
3.21245
3.26452
3.31110
3.35208
3.38805
3.41797
3.44424
3.46515
3.48499
3.50379
3.51922
3.53245
3.54112
3.55041
3.55602
3.56092
3.56713
3.57128
3.57149
3.57465
3.57166
3.56848
3.56174
3.55394
3.54318
3.53265
3.51729
3.50029
3.48118
3.46117
3.43723
3.41178
3.38421
3.35359
3.31795
3.27866
3.23751
3.19276
3.14571
3.09451
3.03854
2.98008
2.91373
2.84314
2.77062
2.69063
2.60530
2.51365
2.41712
2.31269
2.20347
2.08559
1.96224
1.82996
1.69008
1.54361
1.38884
1.22969
1.06024
0.88533
0.70388
0.51606
0.32016
0.12190
-0.08304
-0.29002
-0.50454
-0.72064
-0.94181
-1.16619
-1.39460
-1.62054
-1.85240
-2.08412
-2.31654
-2.54964
-2.78104
-3.01196
-3.23916
-3.46276
-3.68250
-3.89930
-4.11029
-4.31870
-4.51643
-4.70835
-4.89178
-5.06773
-5.23534
-5.39571
-5.54593
-5.68730
-5.82037
-5.94459
-6.05650
-6.16166
-6.25846
-6.34598
-6.42459
-6.49388
-6.55431
-6.60596
-6.65063
-6.68753
-6.71609
-6.73952
-6.75351
-6.75946
-6.76100
-6.75528
-6.74411
-6.72385
-6.70016
-6.66905
-6.63105
-6.58797
-6.53878
-6.48399
-6.42165
-6.35182
-6.27541
-6.19151
-6.09874
-5.99632
-5.88719
-5.76687
-5.63583
-5.49241
-5.33934
-5.17552
-4.99988
-4.81489
-4.62000
-4.41284
-4.19820
-3.97443
-3.74751
-3.51493
-3.27638
-3.03875
-2.79649
-2.55651
-2.31648
-2.08018
-1.84802
-1.62201
-1.40347
-1.19129
-0.99040
-0.79868
-0.61978
-0.45144
-0.29610
-0.15249
-0.01822
0.09954
0.20808
0.30492
0.39152
0.46705
0.53357
0.59198
0.64337
0.68573
0.72230
0.75185
0.77779
0.79999
0.81874
0.83443
0.84817
0.86231
0.87511
0.88621
0.90050
0.91266
0.92766
0.94037
0.95503
0.97140
0.98715
1.00383
1.02289
1.04095
1.06021
1.07740
1.09688
1.11538
1.13237
1.15043
1.16773
1.18326
1.20065
1.21607
1.22955
1.24427
1.25689
1.26979
1.28346
1.29301
1.30318
1.31283
1.31852
1.32340
1.32881
1.32893
1.32536
1.31940
1.31140
1.29803
1.28043
1.25906
1.22881
1.19470
1.15217
1.10143
1.04187
0.97616
0.90217
0.81855
0.72532
0.62210
0.51044
0.38833
0.25812
0.11884
-0.02841
-0.18452
-0.34827
-0.51702
-0.69385
-0.87306
-1.05826
-1.24762
-1.43940
-1.63512
-1.83257
-2.03170
-2.23048
-2.43006
-2.63192
-2.83209
-3.03278
-3.22894
-3.42236
-3.61294
-3.80020
-3.98007
-4.15801
-4.32872
-4.49465
-4.65174
-4.80204
-4.94458
-5.07763
-5.20538
-5.32342
-5.43316
-5.53276
-5.62344
-5.70666
-5.78247
-5.84852
-5.90717
-5.95567
-5.99383
-6.02705
-6.05358
-6.07299
-6.08473
-6.08921
-6.08632
-6.07636
-6.06087
-6.04079
-6.01396
-5.98068
-5.94272
-5.89961
-5.85035
-5.79625
-5.73772
-5.67215
-5.60240
-5.52527
-5.43992
-5.34802
-5.25195
-5.15082
-5.04080
-4.92415
-4.80052
-4.66933
-4.53183
-4.38637
-4.23727
-4.08080
-3.91985
-3.75237
-3.57950
-3.40261
-3.22296
-3.04173
-2.85856
-2.67693
-2.49392
-2.31139
-2.13219
-1.95716
-1.78909
-1.62612
-1.47006
-1.32509
-1.18892
-1.06321
-0.95094
-0.85189
-0.76631
-0.69324
-0.63549
-0.59140
-0.55960
-0.54345
-0.53719
-0.54556
-0.56442
-0.59047
-0.62601
-0.66704
-0.71347
-0.76422
-0.81450
-0.86554
-0.91262
-0.95868
-0.99820
-1.03126
-1.05690
-1.07722
-1.08505
-1.08633
-1.07530
-1.05601
-1.02552
-0.98705
-0.93843
-0.88369
-0.82093
-0.75251
-0.67780
-0.60018
-0.51910
-0.43759
-0.35514
-0.27223
-0.19143
-0.11465
-0.04081
0.03153
0.09785
0.15918
0.21517
0.26558
0.31105
0.34904
0.38207
0.40809
0.43025
0.44731
0.45935
0.46826
0.47239
0.47370
0.47108
0.46415
0.45346
0.43908
0.42212
0.40164
0.37685
0.34835
0.31663
0.28023
0.24035
0.19483
0.14536
0.09236
0.03250
-0.03178
-0.10353
-0.18125
-0.26177
-0.34788
-0.43987
-0.53586
-0.63790
-0.74216
-0.85264
-0.96575
-1.08270
-1.20054
-1.32116
-1.44560
-1.56793
-1.69490
-1.82261
-1.94643
-2.07228
-2.19661
-2.32131
-2.44239
-2.56253
-2.67925
-2.79234
-2.90347
-3.00885
-3.10767
-3.20322
-3.28884
-3.37016
-3.44375
-3.50755
-3.56298
-3.60648
-3.63954
-3.66247
-3.67701
-3.68089
-3.67714
-3.66183
-3.63615
-3.60145
-3.55801
-3.50346
-3.44514
-3.37801
-3.30323
-3.22149
-3.13307
-3.03796
-2.93800
-2.83068
-2.72015
-2.60524
-2.48776
-2.36519
-2.24115
-2.11226
-1.98125
-1.84626
-1.70898
-1.56876
-1.42847
-1.28474
-1.13898
-0.99051
-0.83934
-0.68567
-0.52673
-0.36702
-0.20483
-0.03805
0.13209
0.30812
0.48826
0.67269
0.86003
1.05132
1.24453
1.44119
1.64022
1.84114
2.04323
2.24466
2.44462
2.64426
2.83947
3.03018
3.21781
3.40032
3.57342
3.74083
3.89870
4.04401
4.17929
4.30233
4.41258
4.51035
4.59361
4.66301
4.71577
4.75285
4.77519
4.78575
4.78285
4.76679
4.73822
4.70054
4.65327
4.59787
4.53679
4.47146
4.40526
4.33841
4.27031
4.20749
4.14669
4.09292
4.04679
4.00961
3.98198
3.96589
3.96130
3.97029
3.99302
4.02694
4.07662
4.13795
4.21196
4.29754
4.39673
4.50379
4.62056
4.74456
4.87656
5.01470
5.15565
5.30239
5.44855
5.59315
5.73924
5.88066
6.01750
6.14703
6.26907
6.37921
6.47935
6.56797
6.64119
6.70283
6.74391
6.77027
6.77667
6.76363
6.72742
6.67056
6.59271
6.49117
6.36462
6.21568
6.04154
5.84270
5.62248
5.37894
5.11287
4.82587
4.52039
4.19399
3.85298
3.49718
3.12781
2.74845
2.36038
1.96627
1.56509
1.16155
0.75558
0.34946
-0.05447
-0.45425
-0.84932
-1.23826
-1.62080
-1.99423
-2.36034
-2.71753
-3.06329
-3.39684
-3.71891
-4.02698
-4.32197
-4.60371
-4.87055
-5.12166
-5.35887
-5.57809
-5.78137
-5.96927
-6.13803
-6.28967
-6.42221
-6.53522
-6.62756
-6.69981
-6.75348
-6.78518
-6.79795
-6.78980
-6.76210
-6.71556
-6.64950
-6.56359
-6.46066
-6.34197
-6.20636
-6.05754
-5.89536
-5.72257
-5.54163
-5.35286
-5.15810
-4.96022
-4.76052
-4.56247
-4.36511
-4.17212
-3.98347
-3.80096
-3.62434
-3.45496
-3.29154
-3.13739
-2.99309
-2.85309
-2.72050
-2.59451
-2.47061
-2.34990
-2.23242
-2.11142
-1.98864
-1.86012
-1.72555
-1.58230
-1.42877
-1.26294
-1.08336
-0.89049
-0.68035
-0.45562
-0.21642
0.03615
0.30384
0.58202
0.87186
1.17222
1.47898
1.79361
2.10997
2.42597
2.73778
3.04720
3.34832
3.64221
3.92368
4.19334
4.44884
4.68500
4.90733
5.11052
5.29591
5.46163
5.60919
5.73560
5.84509
5.93493
6.00749
6.06166
6.10011
6.12332
6.13037
6.12347
6.10296
6.07182
6.02763
5.97469
5.91282
5.84496
5.77109
5.69504
5.61559
5.53549
5.45494
5.37674
5.30286
5.23382
5.16787
5.11048
5.05592
5.01104
4.96940
4.93903
4.91475
4.89914
4.88907
4.88371
4.88200
4.88600
4.88957
4.89942
4.90724
4.91542
4.92371
4.92793
4.92882
4.92655
4.91661
4.90242
4.87853
4.84707
4.80800
4.75867
4.70033
4.63002
4.54790
4.45518
4.35102
4.23719
4.11049
3.97707
3.83162
3.67617
3.51261
3.33957
3.15899
2.97166
2.77540
2.57508
2.36723
2.15151
1.93128
1.70452
1.47242
1.23368
0.98811
0.73857
0.48236
0.22192
-0.04340
-0.31504
-0.58942
-0.86565
-1.14786
-1.43119
-1.71414
-1.99738
-2.28002
-2.56271
-2.84027
-3.11582
-3.38711
-3.65423
-3.91432
-4.17067
-4.41811
-4.66059
-4.89240
-5.11619
-5.33048
-5.53500
-5.72792
-5.91106
-6.08105
-6.23830
-6.38228
-6.51380
-6.63335
-6.73822
-6.82994
-6.90736
-6.96971
-7.02210
-7.06077
-7.08668
-7.10125
-7.10335
-7.09543
-7.07342
-7.04318
-7.00320
-6.95356
-6.89501
-6.82634
-6.74848
-6.66126
-6.56377
-6.45805
-6.34291
-6.21698
-6.08186
-5.94029
-5.78710
-5.62666
-5.45657
-5.28091
-5.09644
-4.90523
-4.70683
-4.50149
-4.28765
-4.06884
-3.84292
-3.60854
-3.36920
-3.12039
-2.86574
-2.60195
-2.33472
-2.06187
-1.78280
-1.50243
-1.21829
-0.93298
-0.64813
-0.36475
-0.08494
0.19029
0.45842
0.72097
0.97577
1.22175
1.46057
1.68854
1.90861
2.11616
2.31497
2.50279
2.67803
2.84312
2.99552
3.13556
3.26364
3.37887
3.48153
3.57330
3.65105
3.71700
3.77064
3.81316
3.84513
3.86768
3.87979
3.88524
3.88101
3.87015
3.85289
3.83096
3.80646
3.77887
3.74753
3.71614
3.68156
3.64784
3.61403
3.58224
3.55296
3.52415
3.49622
3.47153
3.44954
3.42789
3.40726
3.38696
3.36774
3.34816
3.33039
3.30938
3.28971
3.26711
3.24122
3.20980
3.17662
3.13839
3.09396
3.04490
2.98983
2.92576
2.85565
2.77483
2.68587
2.58805
2.48236
2.36722
2.24186
2.10367
1.95672
1.79942
1.63416
1.45982
1.27842
1.08702
0.88817
0.68184
0.46684
0.24791
0.02363
-0.20695
-0.44247
-0.68214
-0.92395
-1.17060
-1.41903
-1.66928
-1.92115
-2.17364
-2.42611
-2.68235
-2.93358
-3.18624
-3.43745
-3.68451
-3.93113
-4.17230
-4.40865
-4.64053
-4.86439
-5.08032
-5.28923
-5.49067
-5.68247
-5.86601
-6.03935
-6.20350
-6.35691
-6.50018
-6.63367
-6.75883
-6.87190
-6.97827
-7.07599
-7.16244
-7.24147
-7.31164
-7.37360
-7.42760
-7.47345
-7.50922
-7.53627
-7.55436
-7.56413
-7.56399
-7.55785
-7.54304
-7.51776
-7.48191
-7.43701
-7.38295
-7.32000
-7.24861
-7.16942
-7.07999
-6.98382
-6.87757
-6.76595
-6.64618
-6.52657
-6.39967
-6.26881
-6.13819
-6.00298
-5.86661
-5.72945
-5.59138
-5.45278
-5.31419
-5.17499
-5.03335
-4.89249
-4.75135
-4.60853
-4.46555
-4.32182
-4.17947
-4.03811
-3.89840
-3.76259
-3.62725
-3.49827
-3.37358
-3.25514
-3.14281
-3.03736
-2.94195
-2.85581
-2.77911
-2.71082
-2.65092
-2.60316
-2.56375
-2.53286
-2.51350
-2.49841
-2.48996
-2.48399
-2.47849
-2.47306
-2.46527
-2.45664
-2.44046
-2.41799
-2.38554
-2.34458
-2.29383
-2.23587
-2.16513
-2.08887
-2.00344
-1.90794
-1.80640
-1.69777
-1.58417
-1.46870
-1.34777
-1.22557
-1.10213
-0.97748
-0.85249
-0.73023
-0.60839
-0.48918
-0.37158
-0.25765
-0.14865
-0.04415
0.05292
0.14780
0.23361
0.31620
0.39174
0.46097
0.52371
0.58050
0.63209
0.67916
0.72136
0.75858
0.78899
0.81473
0.83637
0.85289
0.86567
0.87356
0.87541
0.87192
0.86338
0.84952
0.82924
0.80665
0.77306
0.73493
0.68961
0.63687
0.57656
0.50926
0.43759
0.35721
0.27233
0.18031
0.08608
-0.01247
-0.11715
-0.22267
-0.32937
-0.43856
-0.54734
-0.65908
-0.76850
-0.87840
-0.98972
-1.10065
-1.21361
-1.32609
-1.43968
-1.55349
-1.67015
-1.78679
-1.90377
-2.02300
-2.14239
-2.26093
-2.37958
-2.49673
-2.61026
-2.72045
-2.82770
-2.92921
-3.02737
-3.11879
-3.20158
-3.27743
-3.34570
-3.40544
-3.45747
-3.49926
-3.53103
-3.55258
-3.56521
-3.56667
-3.55689
-3.53706
-3.50613
-3.46325
-3.41293
-3.34894
-3.27908
-3.19906
-3.11044
-3.01395
-2.91220
-2.80355
-2.69094
-2.57258
-2.45250
-2.32731
-2.20638
-2.08130
-1.95816
-1.83493
-1.71446
-1.59592
-1.47870
-1.36394
-1.25327
-1.14417
-1.03937
-0.93716
-0.83724
-0.74254
-0.65271
-0.56701
-0.48584
-0.40593
-0.33244
-0.26318
-0.19841
-0.13649
-0.07661
-0.01946
0.03856
0.09633
0.15689
0.22175
0.28934
0.36461
0.44627
0.53295
0.62845
0.73125
0.83997
0.95504
1.07350
1.19359
1.31517
1.43072
1.54282
1.64887
1.74706
1.83660
1.91821
1.98780
2.04749
2.09775
2.13935
2.17369
2.19992
2.21966
2.23335
2.24118
2.24625
2.24896
2.25048
2.24957
2.25168
2.25226
2.25639
2.26451
2.27963
2.29856
2.32553
2.36198
2.40815
2.46513
2.53306
2.61644
2.70929
2.81699
2.93500
3.06747
3.21105
3.36452
3.52727
3.69907
3.87850
4.06313
4.25352
4.44688
4.64240
4.83939
5.03734
5.23050
5.42245
5.61230
5.79074
5.96635
6.13253
6.28585
6.42936
6.55777
6.67146
6.76776
6.84434
6.90087
6.93467
6.94305
6.92784
6.88724
6.81841
6.72508
6.60517
6.45850
6.28795
6.09204
5.87793
5.64118
5.38493
5.11299
4.82857
4.52977
4.22223
3.90847
3.58845
3.26522
2.93722
2.61124
2.28535
1.96083
1.63886
1.31933
1.00451
0.69243
0.38299
0.07837
-0.22325
-0.52190
-0.81688
-1.11031
-1.39951
-1.68501
-1.96629
-2.24255
-2.51287
-2.77330
-3.02379
-3.25905
-3.48605
-3.69376
-3.88622
-4.05825
-4.20944
-4.33846
-4.44108
-4.52218
-4.57908
-4.60795
-4.61183
-4.59110
-4.54449
-4.47222
-4.37614
-4.25813
-4.11859
-3.95777
-3.77818
-3.57978
-3.36283
-3.13577
-2.89303
-2.64011
-2.38211
-2.11405
-1.84347
-1.57217
-1.29908
-1.02923
-0.76455
-0.50478
-0.25256
-0.00844
0.22574
0.44882
0.66118
0.85958
1.04850
1.22303
1.38607
1.53877
1.68081
1.81564
1.94332
2.06439
2.18229
2.29769
2.41510
2.53637
2.66649
2.80297
2.95193
3.11694
3.29634
3.49175
3.70396
3.93497
4.18351
4.45194
4.73435
5.03749
5.35071
5.67381
6.00828
6.34799
6.69184
7.03722
7.38154
7.72120
8.05407
8.37641
8.68755
8.98518
9.26648
9.53176
9.77716
10.00551
10.21335
10.40261
10.57193
10.72087
10.85115
10.96359
11.05727
11.13481
11.19554
11.24014
11.27038
11.28795
11.29031
11.28038
11.26085
11.22918
11.18783
11.13591
11.07531
11.00412
10.92632
10.84259
10.74958
10.64849
10.54194
10.42411
10.29817
10.16587
10.02459
9.87435
9.71679
9.54845
9.36925
9.18035
8.98176
8.77152
8.55217
8.32222
8.08146
7.82933
7.56638
7.29220
7.00963
6.71814
6.41749
6.10993
5.79388
5.47349
5.14993
4.82252
4.49532
4.16810
3.84546
3.52667
3.21431
2.91052
2.61653
2.33014
2.05675
1.79376
1.54369
1.30768
1.08321
0.87166
0.67053
0.47995
0.29836
0.12775
-0.03339
-0.18964
-0.33754
-0.47913
-0.61726
-0.75182
-0.88256
-1.01066
-1.13571
-1.25819
-1.37925
-1.49694
-1.61403
-1.72909
-1.84446
-1.95423
-2.06620
-2.17256
-2.27849
-2.38164
-2.48474
-2.58681
-2.68816
-2.78949
-2.89107
-2.99361
-3.09591
-3.20056
-3.30709
-3.41508
-3.52409
-3.63729
-3.75057
-3.86891
-3.98743
-4.11000
-4.23465
-4.36113
-4.48714
-4.61536
-4.74574
-4.87372
-4.99909
-5.12220
-5.23890
-5.35042
-5.45464
-5.55068
-5.63507
-5.70877
-5.76606
-5.80881
-5.83463
-5.84146
-5.82914
