
0.00000
0.00000
0.01305
0.07997
0.20383
0.36203
0.51158
0.61487
0.67301
0.71714
0.77675
0.86283
0.96841
1.07723
1.17447
1.25257
1.31607
1.37499
1.43896
1.51124
1.58646
1.65847
1.72485
1.78445
1.83874
1.88941
1.93769
1.98202
2.02288
2.06455
2.10869
2.15088
2.18552
2.20897
2.22530
2.24183
2.26199
2.28351
2.30136
2.31195
2.31349
2.30884
2.30274
2.29873
2.29443
2.28607
2.27087
2.24930
2.22354
2.19599
2.16714
2.13629
2.10178
2.06303
2.02018
1.97380
1.92534
1.87448
1.82116
1.76526
1.70695
1.64598
1.58154
1.51433
1.44512
1.37526
1.30426
1.23190
1.15676
1.07896
0.99854
0.91626
0.83391
0.75105
0.66846
0.58488
0.49911
0.41229
0.32394
0.23409
0.14391
0.05506
-0.03235
-0.11938
-0.20764
-0.29613
-0.38412
-0.47051
-0.55620
-0.64054
-0.72460
-0.80768
-0.88979
-0.97004
-1.04810
-1.12420
-1.19877
-1.27254
-1.34479
-1.41490
-1.48283
-1.54855
-1.61094
-1.66980
-1.72630
-1.78150
-1.83534
-1.88710
-1.93578
-1.98011
-2.02169
-2.06057
-2.09627
-2.12867
-2.15780
-2.18419
-2.20807
-2.22901
-2.24718
-2.26210
-2.27325
-2.28161
-2.28598
-2.28766
-2.28615
-2.28113
-2.27243
-2.26100
-2.24732
-2.23135
-2.21140
-2.18847
-2.16152
-2.13157
-2.09827
-2.06297
-2.02543
-1.98528
-1.94189
-1.89492
-1.84390
-1.79127
-1.73727
-1.68187
-1.62361
-1.56234
-1.49745
-1.42964
-1.36065
-1.29083
-1.22006
-1.14774
-1.07281
-0.99551
-0.91607
-0.83539
-0.75375
-0.67185
-0.58943
-0.50524
-0.41956
-0.33325
-0.24709
-0.16012
-0.07378
0.01264
0.09798
0.18298
0.26882
0.35612
0.44251
0.52780
0.61125
0.69332
0.77359
0.85365
0.93412
1.01421
1.09320
1.16935
1.24200
1.31295
1.38307
1.45390
1.52417
1.59231
1.65553
1.71537
1.77231
1.82730
1.88312
1.93799
1.98993
2.03703
2.07995
2.11983
2.15781
2.19315
2.22551
2.25497
2.28056
2.30359
2.32380
2.34091
2.35391
2.36264
2.36755
2.36794
2.36580
2.36105
2.35317
2.34227
2.32767
2.30905
2.28582
2.25796
2.22653
2.19194
2.15464
2.11473
2.07171
2.02520
1.97459
1.92116
1.86418
1.80392
1.74124
1.67831
1.61366
1.54645
1.47543
1.40038
1.32361
1.24633
1.16912
1.09115
1.01131
0.92860
0.84389
0.75860
0.67310
0.58688
0.50064
0.41429
0.32717
0.23863
0.15002
0.06193
-0.02608
-0.11337
-0.19999
-0.28536
-0.36981
-0.45389
-0.53805
-0.62170
-0.70477
-0.78604
-0.86433
-0.93928
-1.01201
-1.08389
-1.15553
-1.22710
-1.29704
-1.36316
-1.42618
-1.48578
-1.54352
-1.60140
-1.65776
-1.71236
-1.76300
-1.80993
-1.85418
-1.89681
-1.93811
-1.97773
-2.01515
-2.04842
-2.07709
-2.10243
-2.12590
-2.14755
-2.16744
-2.18415
-2.19671
-2.20632
-2.21242
-2.21549
-2.21617
-2.21488
-2.21081
-2.20313
-2.19184
-2.17785
-2.16161
-2.14178
-2.11932
-2.09474
-2.06670
-2.03582
-2.00098
-1.96377
-1.92443
-1.88307
-1.83949
-1.79293
-1.74348
-1.69001
-1.63308
-1.57467
-1.51543
-1.45622
-1.39487
-1.33000
-1.26123
-1.19018
-1.11811
-1.04526
-0.97230
-0.89915
-0.82409
-0.74660
-0.66657
-0.58633
-0.50644
-0.42686
-0.34696
-0.26633
-0.18490
-0.10312
-0.02001
0.06318
0.14631
0.22822
0.30970
0.39132
0.47241
0.55306
0.63283
0.71190
0.79097
0.86899
0.94626
1.02209
1.09634
1.16880
1.24070
1.31200
1.38315
1.45262
1.51944
1.58408
1.64584
1.70507
1.76332
1.82083
1.87661
1.92936
1.97912
2.02630
2.07027
2.11182
2.15001
2.18511
2.21729
2.24694
2.27321
2.29540
2.31249
2.32549
2.33432
2.34023
2.34345
2.34415
2.34066
2.33129
2.31729
2.29840
2.27623
2.25175
2.22610
2.19751
2.16455
2.12592
2.08341
2.03694
1.98863
1.93861
1.88616
1.82944
1.76984
1.70778
1.64351
1.57755
1.50822
1.43581
1.36070
1.28497
1.20908
1.13279
1.05439
0.97505
0.89322
0.80978
0.72505
0.64119
0.55817
0.47537
0.39209
0.30754
0.22239
0.13839
0.05525
-0.02634
-0.10820
-0.19025
-0.27129
-0.35258
-0.43337
-0.51277
-0.59016
-0.66639
-0.74119
-0.81579
-0.88974
-0.96245
-1.03407
-1.10392
-1.17180
-1.23698
-1.30038
-1.36208
-1.42277
-1.48322
-1.54301
-1.60016
-1.65300
-1.70150
-1.74763
-1.79286
-1.83786
-1.88146
-1.92224
-1.95896
-1.99220
-2.02211
-2.04938
-2.07558
-2.10037
-2.12343
-2.14257
-2.15725
-2.16799
-2.17545
-2.18039
-2.18369
-2.18588
-2.18413
-2.17917
-2.17048
-2.15870
-2.14352
-2.12613
-2.10521
-2.08182
-2.05492
-2.02453
-1.99152
-1.95624
-1.91930
-1.87997
-1.83664
-1.78985
-1.73981
-1.68710
-1.63314
-1.57718
-1.51945
-1.45962
-1.39797
-1.33435
-1.26831
-1.20064
-1.13248
-1.06272
-0.99081
-0.91763
-0.84341
-0.76800
-0.69197
-0.61540
-0.53872
-0.46153
-0.38354
-0.30547
-0.22755
-0.14999
-0.07227
0.00628
0.08573
0.16503
0.24301
0.31905
0.39368
0.46885
0.54582
0.62493
0.70511
0.78330
0.85890
0.93171
1.00285
1.07357
1.14666
1.22052
1.29465
1.36660
1.43533
1.50074
1.56478
1.62801
1.69176
1.75413
1.81439
1.87155
1.92531
1.97689
2.02516
2.07110
2.11499
2.15575
2.19353
2.22675
2.25567
2.28200
2.30573
2.32591
2.34171
2.35196
2.35716
2.35793
2.35604
2.35096
2.34285
2.33140
2.31580
2.29463
2.26880
2.23805
2.20392
2.16653
2.12681
2.08445
2.03858
1.98983
1.93725
1.88036
1.81936
1.75512
1.68899
1.62084
1.55117
1.48023
1.40770
1.33235
1.25289
1.17124
1.08823
1.00553
0.92297
0.83967
0.75506
0.66986
0.58349
0.49640
0.40920
0.32265
0.23597
0.14996
0.06432
-0.02051
-0.10519
-0.19000
-0.27458
-0.35761
-0.43903
-0.51874
-0.59814
-0.67680
-0.75541
-0.83293
-0.90940
-0.98361
-1.05573
-1.12532
-1.19385
-1.26140
-1.32736
-1.39188
-1.45408
-1.51374
-1.57114
-1.62581
-1.67888
-1.73066
-1.78095
-1.82882
-1.87379
-1.91566
-1.95509
-1.99159
-2.02574
-2.05797
-2.08839
-2.11546
-2.13878
-2.15923
-2.17776
-2.19336
-2.20593
-2.21519
-2.22159
-2.22410
-2.22385
-2.22045
-2.21531
-2.20765
-2.19740
-2.18338
-2.16593
-2.14675
-2.12434
-2.09729
-2.06732
-2.03478
-2.00021
-1.96367
-1.92494
-1.88335
-1.83776
-1.78860
-1.73761
-1.68544
-1.63102
-1.57434
-1.51422
-1.45042
-1.38468
-1.31770
-1.25034
-1.18173
-1.11077
-1.03845
-0.96419
-0.89002
-0.81481
-0.73815
-0.66030
-0.58112
-0.50264
-0.42352
-0.34410
-0.26479
-0.18482
-0.10464
-0.02486
0.05459
0.13419
0.21303
0.29196
0.37064
0.44819
0.52392
0.59868
0.67286
0.74761
0.82275
0.89733
0.97036
1.04128
1.10977
1.17697
1.24331
1.30961
1.37637
1.44148
1.50395
1.56368
1.62100
1.67664
1.73026
1.78200
1.83283
1.88169
1.92856
1.97302
2.01467
2.05282
2.08693
2.11876
2.14932
2.17903
2.20745
2.23119
2.24906
2.26155
2.27087
2.27837
2.28480
2.28925
2.28974
2.28413
2.27253
2.25594
2.23687
2.21565
2.19251
2.16588
2.13444
2.09732
2.05504
2.00927
1.96158
1.91195
1.85933
1.80311
1.74226
1.67835
1.61154
1.54261
1.47014
1.39391
1.31438
1.23274
1.15012
1.06677
0.98249
0.89643
0.80810
0.71790
0.62650
0.53501
0.44417
0.35361
0.26283
0.17019
0.07721
-0.01473
-0.10604
-0.19626
-0.28510
-0.37316
-0.45989
-0.54626
-0.63260
-0.71832
-0.80241
-0.88480
-0.96500
-1.04398
-1.12095
-1.19602
-1.26985
-1.34291
-1.41456
-1.48447
-1.55153
-1.61505
-1.67650
-1.73593
-1.79374
-1.84948
-1.90251
-1.95237
-1.99996
-2.04533
-2.08845
-2.12875
-2.16588
-2.19938
-2.22929
-2.25762
-2.28422
-2.30838
-2.32792
-2.34357
-2.35467
-2.36334
-2.36879
-2.37167
-2.37130
-2.36747
-2.35903
-2.34682
-2.33152
-2.31323
-2.29258
-2.26785
-2.23898
-2.20617
-2.17092
-2.13343
-2.09335
-2.04960
-2.00202
-1.95083
-1.89621
-1.83985
-1.78179
-1.72161
-1.65841
-1.59234
-1.52345
-1.45336
-1.38132
-1.30815
-1.23322
-1.15576
-1.07542
-0.99211
-0.90834
-0.82495
-0.74174
-0.65749
-0.57126
-0.48421
-0.39548
-0.30672
-0.21758
-0.12901
-0.04084
0.04651
0.13268
0.21813
0.30379
0.39027
0.47742
0.56422
0.64861
0.73058
0.81018
0.88875
0.96679
1.04518
1.12274
1.19904
1.27242
1.34315
1.41204
1.47912
1.54518
1.60974
1.67237
1.73370
1.79305
1.85022
1.90503
1.95707
2.00704
2.05460
2.09886
2.14130
2.18115
2.21844
2.25238
2.28206
2.30867
2.33289
2.35441
2.37254
2.38771
2.39864
2.40510
2.40818
2.40750
2.40373
2.39653
2.38545
2.37053
2.35059
2.32711
2.30059
2.27041
2.23617
2.19728
2.15412
2.10694
2.05793
2.00729
1.95376
1.89566
1.83266
1.76522
1.69515
1.62409
1.55288
1.47998
1.40440
1.32522
1.24290
1.15868
1.07349
0.98713
0.90084
0.81397
0.72588
0.63649
0.54631
0.45486
0.36285
0.27035
0.17805
0.08671
-0.00265
-0.09106
-0.18033
-0.27101
-0.36082
-0.44906
-0.53489
-0.61889
-0.70243
-0.78583
-0.86891
-0.94931
-1.02768
-1.10409
-1.17891
-1.25238
-1.32521
-1.39624
-1.46488
-1.53052
-1.59341
-1.65496
-1.71524
-1.77393
-1.82981
-1.88191
-1.93072
-1.97647
-2.02032
-2.06232
-2.10188
-2.13889
-2.17228
-2.20081
-2.22464
-2.24536
-2.26440
-2.28162
-2.29588
-2.30645
-2.31267
-2.31461
-2.31288
-2.30768
-2.29981
-2.28992
-2.27795
-2.26218
-2.24250
-2.21844
-2.19092
-2.16105
-2.12901
-2.09489
-2.05794
-2.01749
-1.97387
-1.92693
-1.87736
-1.82616
-1.77238
-1.71592
-1.65661
-1.59529
-1.53169
-1.46616
-1.39797
-1.32712
-1.25358
-1.17850
-1.10262
-1.02551
-0.94726
-0.86733
-0.78556
-0.70222
-0.61733
-0.53139
-0.44493
-0.35805
-0.27205
-0.18506
-0.09763
-0.00899
0.07963
0.16869
0.25688
0.34392
0.43039
0.51630
0.60189
0.68754
0.77263
0.85673
0.93993
1.02188
1.10291
1.18197
1.26076
1.33828
1.41487
1.49037
1.56438
1.63632
1.70707
1.77538
1.84191
1.90646
1.96817
2.02825
2.08591
2.14153
2.19441
2.24421
2.28999
2.33201
2.37080
2.40684
2.43910
2.46725
2.49185
2.51220
2.52900
2.54217
2.55185
2.55731
2.55896
2.55585
2.54871
2.53720
2.52123
2.50356
2.48330
2.45917
2.42979
2.39619
2.35827
2.31665
2.27199
2.22500
2.17476
2.12106
2.06332
2.00199
1.93779
1.87105
1.80185
1.72931
1.65401
1.57689
1.49690
1.41464
1.33068
1.24518
1.15852
1.07008
0.98060
0.88933
0.79667
0.70464
0.61306
0.52152
0.42890
0.33512
0.24034
0.14606
0.05379
-0.03659
-0.12591
-0.21470
-0.30301
-0.39094
-0.47790
-0.56271
-0.64564
-0.72622
-0.80483
-0.88249
-0.95907
-1.03452
-1.10760
-1.17763
-1.24484
-1.31116
-1.37577
-1.43974
-1.50217
-1.56181
-1.61861
-1.67276
-1.72407
-1.77356
-1.82141
-1.86821
-1.91252
-1.95427
-1.99269
-2.02861
-2.06163
-2.09200
-2.12066
-2.14686
-2.17059
-2.19161
-2.20906
-2.22323
-2.23410
-2.24188
-2.24607
-2.24702
-2.24575
-2.24242
-2.23613
-2.22616
-2.21272
-2.19437
-2.17338
-2.15066
-2.12664
-2.10009
-2.07044
-2.03677
-1.99870
-1.95804
-1.91571
-1.87259
-1.82758
-1.77932
-1.72625
-1.66991
-1.60985
-1.54898
-1.48802
-1.42525
-1.36001
-1.29177
-1.22064
-1.14682
-1.07234
-0.99729
-0.92161
-0.84466
-0.76581
-0.68592
-0.60535
-0.52413
-0.44126
-0.35631
-0.27093
-0.18538
-0.10122
-0.01798
0.06459
0.14825
0.23321
0.31840
0.40273
0.48524
0.56608
0.64564
0.72476
0.80389
0.88254
0.95974
1.03561
1.10956
1.18152
1.25204
1.32172
1.39035
1.45805
1.52482
1.59102
1.65591
1.71935
1.78159
1.84189
1.90037
1.95799
2.01478
2.07062
2.12411
2.17593
2.22588
2.27318
2.31784
2.35950
2.39743
2.43195
2.46339
2.49134
2.51496
2.53456
2.54950
2.55950
2.56447
2.56485
2.55994
2.55049
2.53682
2.51820
2.49518
2.46789
2.43630
2.39917
2.35773
2.31231
2.26319
2.21150
2.15629
2.09743
2.03430
1.96647
1.89435
1.81925
1.74263
1.66403
1.58278
1.49774
1.40936
1.31847
1.22615
1.13252
1.03725
0.94053
0.84274
0.74322
0.64344
0.54462
0.44626
0.34784
0.24899
0.14913
0.04894
-0.04901
-0.14398
-0.23606
-0.32648
-0.41551
-0.50451
-0.59248
-0.67740
-0.75829
-0.83521
-0.90976
-0.98317
-1.05574
-1.12666
-1.19471
-1.25907
-1.32066
-1.38057
-1.43898
-1.49559
-1.55088
-1.60388
-1.65453
-1.70337
-1.75037
-1.79576
-1.83937
-1.88041
-1.91921
-1.95497
-1.98889
-2.02102
-2.05068
-2.07729
-2.10129
-2.12290
-2.14234
-2.16023
-2.17537
-2.18697
-2.19391
-2.19800
-2.20039
-2.20150
-2.20145
-2.19821
-2.19124
-2.18016
-2.16608
-2.14948
-2.13145
-2.11203
-2.09050
-2.06608
-2.03808
-2.00709
-1.97259
-1.93535
-1.89483
-1.85214
-1.80731
-1.75997
-1.70964
-1.65546
-1.59650
-1.53540
-1.47227
-1.40799
-1.34222
-1.27394
-1.20194
-1.12553
-1.04702
-0.96711
-0.88774
-0.80867
-0.73011
-0.64863
-0.56387
-0.47710
-0.38954
-0.30381
-0.22035
-0.13803
-0.05544
0.02770
0.11081
0.19335
0.27490
0.35573
0.43547
0.51315
0.58945
0.66384
0.73736
0.81082
0.88416
0.95715
1.02832
1.09705
1.16298
1.22772
1.29246
1.35759
1.42262
1.48586
1.54751
1.60727
1.66611
1.72381
1.78022
1.83471
1.88687
1.93678
1.98585
2.03377
2.07954
2.12324
2.16327
2.20008
2.23414
2.26645
2.29730
2.32523
2.34930
2.36868
2.38370
2.39617
2.40583
2.41326
2.41718
2.41635
2.40968
2.39760
2.38176
2.36311
2.34146
2.31524
2.28323
2.24570
2.20322
2.15757
2.10788
2.05365
1.99474
1.93138
1.86368
1.79248
1.71821
1.64058
1.55839
1.47236
1.38237
1.29015
1.19605
1.10064
1.00361
0.90443
0.80313
0.70161
0.60009
0.50014
0.40051
0.30135
0.20198
0.10329
0.00717
-0.08572
-0.17594
-0.26573
-0.35495
-0.44212
-0.52676
-0.60863
-0.68767
-0.76583
-0.84267
-0.91855
-0.99128
-1.06116
-1.12774
-1.19257
-1.25585
-1.31871
-1.37949
-1.43674
-1.49048
-1.54196
-1.59139
-1.64005
-1.68776
-1.73339
-1.77664
-1.81582
-1.85243
-1.88719
-1.92162
-1.95550
-1.98756
-2.01568
-2.04051
-2.06428
-2.08677
-2.10688
-2.12378
-2.13732
-2.14817
-2.15725
-2.16532
-2.17142
-2.17479
-2.17366
-2.16799
-2.15990
-2.15003
-2.13919
-2.12575
-2.10892
-2.08867
-2.06386
-2.03577
-2.00543
-1.97297
-1.93749
-1.89897
-1.85689
-1.81080
-1.76185
-1.71050
-1.65693
-1.60095
-1.54211
-1.48054
-1.41652
-1.34986
-1.28035
-1.20752
-1.13258
-1.05616
-0.97829
-0.89913
-0.81790
-0.73517
-0.65123
-0.56628
-0.48016
-0.39423
-0.30832
-0.22279
-0.13731
-0.05150
0.03353
0.11789
0.20192
0.28452
0.36636
0.44733
0.52752
0.60732
0.68694
0.76578
0.84351
0.92059
0.99711
1.07296
1.14844
1.22273
1.29584
1.36780
1.43858
1.50657
1.57239
1.63601
1.69793
1.75797
1.81581
1.87067
1.92237
1.97018
2.01532
2.05821
2.09865
2.13689
2.17225
2.20307
2.23036
2.25445
2.27572
2.29584
2.31331
2.32782
2.33831
2.34467
2.34807
2.34854
2.34594
2.34058
2.33243
2.32071
2.30464
2.28557
2.26243
2.23457
2.20265
2.16749
2.12812
2.08587
2.04034
1.99077
1.93680
1.87857
1.81684
1.75225
1.68493
1.61390
1.53927
1.46160
1.38167
1.30025
1.21769
1.13297
1.04602
0.95687
0.86576
0.77404
0.68232
0.59055
0.49842
0.40516
0.31114
0.21665
0.12189
0.02836
-0.06306
-0.15461
-0.24621
-0.33843
-0.43057
-0.52109
-0.60857
-0.69425
-0.77791
-0.86012
-0.94017
-1.01806
-1.09357
-1.16546
-1.23510
-1.30177
-1.36641
-1.42891
-1.48869
-1.54630
-1.60116
-1.65421
-1.70538
-1.75497
-1.80203
-1.84847
-1.89357
-1.93707
-1.97824
-2.01701
-2.05366
-2.08802
-2.12057
-2.15122
-2.17947
-2.20514
-2.22836
-2.24832
-2.26551
-2.28015
-2.29109
-2.29844
-2.30290
-2.30523
-2.30491
-2.30155
-2.29523
-2.28515
-2.27148
-2.25404
-2.23463
-2.21325
-2.19019
-2.16465
-2.13562
-2.10285
-2.06702
-2.02838
-1.98831
-1.94629
-1.90113
-1.85253
-1.80049
-1.74494
-1.68588
-1.62417
-1.56052
-1.49403
-1.42412
-1.35064
-1.27458
-1.19571
-1.11442
-1.03054
-0.94497
-0.85738
-0.76815
-0.67767
-0.58537
-0.49180
-0.39629
-0.29977
-0.20291
-0.10592
-0.01049
0.08416
0.17801
0.27189
0.36522
0.45802
0.54854
0.63640
0.72122
0.80426
