
0.00000
0.00000
0.03848
0.24821
0.62363
1.07258
1.48505
1.79209
2.02083
2.24822
2.54250
2.91248
3.32051
3.72054
4.08196
4.40517
4.72132
5.05931
5.42942
5.81607
6.18845
6.53386
6.86205
7.19171
7.53435
7.88829
8.23028
8.54285
8.83460
9.12188
9.42040
9.72400
10.02058
10.29211
10.53619
10.76076
10.98244
11.21340
11.44331
11.65575
11.84491
12.00984
12.15995
12.30267
12.43811
12.56962
12.68954
12.78873
12.86158
12.91278
12.95402
12.98599
13.01190
13.02638
13.02261
12.99561
12.94422
12.87603
12.79882
12.71798
12.62477
12.51536
12.37949
12.22076
12.04517
11.86188
11.67359
11.47536
11.25896
11.01709
10.75553
10.47799
10.19522
9.90584
9.60620
9.29019
8.95304
8.59953
8.22920
7.85145
7.47015
7.08156
6.67744
6.25733
5.81853
5.37172
4.92134
4.46909
4.01085
3.54132
3.05724
2.56570
2.07081
1.57797
1.08424
0.58976
0.08709
-0.42626
-0.94505
-1.46101
-1.97495
-2.48903
-3.00359
-3.51693
-4.03351
-4.55402
-5.07062
-5.57846
-6.08145
-6.57536
-7.06439
-7.54920
-8.02582
-8.48876
-8.93910
-9.37490
-9.79960
-10.21450
-10.61699
-11.00153
-11.36625
-11.70891
-12.03388
-12.34411
-12.63521
-12.90502
-13.15584
-13.38766
-13.59898
-13.78466
-13.95067
-14.09837
-14.22662
-14.33239
-14.41244
-14.47014
-14.51107
-14.53251
-14.53339
-14.51390
-14.47123
-14.41016
-14.33069
-14.23263
-14.11547
-13.98014
-13.82248
-13.64849
-13.45252
-13.24039
-13.00811
-12.76376
-12.50162
-12.21855
-11.91446
-11.59214
-11.25275
-10.89664
-10.52473
-10.13749
-9.73657
-9.31907
-8.88492
-8.43372
-7.97530
-7.50577
-7.02898
-6.53758
-6.03486
-5.51950
-4.99648
-4.46760
-3.93597
-3.40131
-2.86244
-2.31850
-1.77199
-1.21748
-0.66291
-0.11381
0.43011
0.97038
1.51188
2.05704
2.59716
3.12717
3.64393
4.14896
4.64708
5.13837
5.62156
6.09661
6.55400
6.99568
7.41855
7.82740
8.22138
8.60107
8.96222
9.31003
9.64192
9.95959
10.26154
10.55140
10.82239
11.07754
11.31744
11.54252
11.75145
11.94688
12.12760
12.29593
12.44811
12.58416
12.70220
12.80069
12.88381
12.95354
13.00762
13.04349
13.06722
13.07180
13.05800
13.02872
12.98327
12.92196
12.84199
12.75102
12.64063
12.51671
12.37026
12.20657
12.02922
11.83830
11.63181
11.40596
11.16587
10.90921
10.63751
10.34932
10.04707
9.72705
9.39134
9.04018
8.67675
8.29885
7.90820
7.50303
7.08063
6.64573
6.19939
5.74663
5.28207
4.80769
4.31796
3.81497
3.30468
2.78876
2.27122
1.74956
1.22235
0.68923
0.14717
-0.40243
-0.95304
-1.49863
-2.03991
-2.58145
-3.12611
-3.67165
-4.21217
-4.74623
-5.27510
-5.79416
-6.30945
-6.82035
-7.32475
-7.82168
-8.30916
-8.78104
-9.24011
-9.68402
-10.12006
-10.54413
-10.95447
-11.35154
-11.72701
-12.08452
-12.42323
-12.74742
-13.05216
-13.33983
-13.60601
-13.85109
-14.07337
-14.27228
-14.45285
-14.61211
-14.74635
-14.86017
-14.95025
-15.01500
-15.05885
-15.07934
-15.08079
-15.06146
-15.01929
-14.95207
-14.85845
-14.74444
-14.60796
-14.45126
-14.27520
-14.07784
-13.85896
-13.61706
-13.34916
-13.06050
-12.75435
-12.43000
-12.08883
-11.72424
-11.33921
-10.93611
-10.51324
-10.08086
-9.62828
-9.16217
-8.67758
-8.18077
-7.66981
-7.14686
-6.61128
-6.06809
-5.51060
-4.94775
-4.38054
-3.80649
-3.23350
-2.65532
-2.07362
-1.49026
-0.90480
-0.32300
0.25510
0.82971
1.39770
1.96202
2.51863
3.06943
3.61563
4.15374
4.67791
5.18722
5.68439
6.16985
6.64492
7.10763
7.55722
7.99234
8.41090
8.81429
9.20179
9.57647
9.93231
10.27294
10.59835
10.90790
11.20327
11.48063
11.74246
11.98861
12.22084
12.43932
12.64555
12.84129
13.02262
13.18859
13.33682
13.46939
13.58915
13.69775
13.79818
13.88199
13.94574
13.99273
14.01883
14.02855
14.02341
14.00464
13.96466
13.90567
13.82425
13.72317
13.60239
13.46526
13.30492
13.12447
12.91982
12.69474
12.45204
12.19328
11.91314
11.61318
11.29083
10.94903
10.58801
10.21361
9.82170
9.41519
8.99308
8.55451
8.10192
7.63396
7.15708
6.67354
6.17737
5.66884
5.15256
4.62247
4.08580
3.54242
2.99785
2.44675
1.89080
1.32998
0.76396
0.19486
-0.37347
-0.94141
-1.50726
-2.07186
-2.63399
-3.19308
-3.74770
-4.29675
-4.84522
-5.38435
-5.91293
-6.42831
-6.93065
-7.42334
-7.90896
-8.38496
-8.84781
-9.29394
-9.72196
-10.13179
-10.52790
-10.91116
-11.28024
-11.63302
-11.96412
-12.27526
-12.56211
-12.83067
-13.08166
-13.31797
-13.53435
-13.72564
-13.89427
-14.03887
-14.16283
-14.26603
-14.35024
-14.41130
-14.44817
-14.46115
-14.45247
-14.42609
-14.38027
-14.31681
-14.23288
-14.12374
-13.99911
-13.85072
-13.68565
-13.50633
-13.30772
-13.09151
-12.85944
-12.61110
-12.34798
-12.06537
-11.76794
-11.45447
-11.12475
-10.77617
-10.40941
-10.02445
-9.62417
-9.20691
-8.77152
-8.31949
-7.84942
-7.36383
-6.86163
-6.34559
-5.81631
-5.27186
-4.71010
-4.13216
-3.54581
-2.95185
-2.35326
-1.74846
-1.13883
-0.52401
0.09653
0.72143
1.33912
1.94687
2.54358
3.13035
3.71016
4.28434
4.84869
5.40125
5.93990
6.45491
6.95111
7.43134
7.89443
8.34424
8.77418
9.18625
9.57737
9.94909
10.30151
10.63795
10.95819
11.26159
11.54890
11.81802
12.07001
12.30957
12.53437
12.74685
12.94578
13.13129
13.29753
13.44838
13.59302
13.72656
13.84963
13.95939
14.05648
14.14158
14.20913
14.26431
14.30521
14.32921
14.34070
14.33648
14.31657
14.28352
14.23294
14.16731
14.07881
13.96945
13.83914
13.69126
13.52455
13.34524
13.14517
12.92702
12.68756
12.42158
12.13665
11.83351
11.51290
11.17566
10.82059
10.44486
10.04650
9.63113
9.19955
8.75069
8.28327
7.80156
7.30610
6.79538
6.27258
5.73666
5.19112
4.63288
4.06769
3.49444
2.91424
2.33084
1.74252
1.15249
0.56039
-0.03460
-0.62874
-1.21835
-1.80417
-2.38098
-2.95264
-3.51667
-4.07789
-4.62617
-5.16480
-5.69099
-6.20045
-6.69495
-7.17624
-7.64759
-8.10127
-8.53771
-8.95316
-9.35061
-9.72749
-10.08929
-10.42998
-10.75308
-11.05645
-11.33640
-11.59252
-11.82787
-12.04622
-12.24421
-12.42337
-12.57940
-12.70787
-12.81851
-12.91002
-12.98551
-13.04470
-13.08545
-13.10737
-13.10874
-13.09147
-13.05967
-13.00785
-12.94109
-12.85385
-12.75101
-12.63113
-12.49365
-12.33763
-12.16812
-11.98310
-11.78377
-11.57020
-11.33799
-11.09409
-10.83253
-10.55629
-10.26709
-9.96551
-9.65056
-9.31997
-8.97488
-8.61965
-8.25096
-7.86929
-7.47405
-7.06470
-6.63860
-6.19865
-5.74963
-5.28963
-4.81862
-4.33532
-3.83857
-3.33328
-2.81813
-2.29545
-1.76450
-1.22798
-0.68495
-0.13538
0.41662
0.97221
1.52745
2.08169
2.63624
3.19141
3.74520
4.29350
4.83539
5.36547
5.88399
6.39240
6.89631
7.39274
7.87675
8.34587
8.79509
9.22915
9.64600
10.04737
10.43644
10.80970
11.16299
11.49929
11.81767
12.11712
12.39779
12.65906
12.90255
13.13165
13.34410
13.53836
13.71234
13.86599
13.99946
14.11671
14.21889
14.30566
14.37941
14.43530
14.47341
14.49297
14.49748
14.48617
14.46188
14.42931
14.38048
14.31743
14.23917
14.14504
14.03922
13.92339
13.79448
13.65401
13.50336
13.33439
13.15181
12.95368
12.74198
12.51163
12.26114
11.99598
11.71513
11.42011
11.11015
10.78220
10.44026
10.08240
9.70512
9.31398
8.90838
8.48814
8.05088
7.59967
7.13536
6.65919
6.17000
5.67303
5.16742
4.65801
4.14416
3.62504
3.09856
2.57031
2.04081
1.51460
0.99301
0.47808
-0.03002
-0.53444
-1.02947
-1.51621
-1.99343
-2.45907
-2.91137
-3.34831
-3.77390
-4.18776
-4.59002
-4.98013
-5.35309
-5.71515
-6.06375
-6.40254
-6.72721
-7.04167
-7.34258
-7.63021
-7.90353
-8.16348
-8.41665
-8.66145
-8.89426
-9.11205
-9.31812
-9.51054
-9.69120
-9.86058
-10.02164
-10.17243
-10.30914
-10.43198
-10.54427
-10.64596
-10.73483
-10.81159
-10.87516
-10.92321
-10.95715
-10.97962
-10.98796
-10.98338
-10.96378
-10.92610
-10.87375
-10.80208
-10.71711
-10.61885
-10.50622
-10.37797
-10.23157
-10.06850
-9.89315
-9.70293
-9.49977
-9.28065
-9.04668
-8.79751
-8.53517
-8.26043
-7.97659
-7.68393
-7.38192
-7.06945
-6.74693
-6.41068
-6.06369
-5.71274
-5.35239
-4.98660
-4.61406
-4.23508
-3.84852
-3.45543
-3.05312
-2.64130
-2.22250
-1.80036
-1.37320
-0.94315
-0.50679
-0.06486
0.38584
0.83810
1.29446
1.75411
2.21241
2.67150
3.12964
3.58846
4.04319
4.49251
4.93840
5.38150
5.81434
6.23740
6.65106
7.05318
7.44189
7.81600
8.17838
8.52667
8.86093
9.18053
9.48261
9.77070
10.04480
10.30690
10.55628
10.79529
11.01970
11.22747
11.42393
11.60592
11.78179
11.94583
12.09471
12.23333
12.35687
12.46665
12.56572
12.65133
12.72574
12.78484
12.82673
12.85520
12.86928
12.87139
12.85824
12.82744
12.77304
12.70083
12.60915
12.50129
12.38000
12.24270
12.08214
11.90017
11.69478
11.46816
11.22202
10.95670
10.67417
10.37214
10.05052
9.70980
9.35090
8.97283
8.57761
8.16812
7.74451
7.30778
6.86071
6.40423
5.93478
5.45293
4.96230
4.46604
3.96662
3.46638
2.96162
2.45473
1.94395
1.43460
0.92929
0.42882
-0.06546
-0.55361
-1.03948
-1.51705
-1.98562
-2.44041
-2.88212
-3.31259
-3.73709
-4.15090
-4.55272
-4.93966
-5.30996
-5.66784
-6.02053
-6.36356
-6.70298
-7.03238
-7.35303
-7.65979
-7.95746
-8.25088
-8.54276
-8.83494
-9.12064
-9.40136
-9.67378
-9.93717
-10.19498
-10.45037
-10.69917
-10.94234
-11.17650
-11.39600
-11.60187
-11.79737
-11.98329
-12.15764
-12.31490
-12.45620
-12.58186
-12.69000
-12.78318
-12.85684
-12.91244
-12.95026
-12.96319
-12.95895
-12.93476
-12.89110
-12.82823
-12.74678
-12.64098
-12.51178
-12.36191
-12.19517
-12.01165
-11.81090
-11.59220
-11.35343
-11.09636
-10.81931
-10.52486
-10.21441
-9.88919
-9.54977
-9.19499
-8.82175
-8.43494
-8.03254
-7.62199
-7.19624
-6.76227
-6.31704
-5.86287
-5.39786
-4.92647
-4.44768
-3.96408
-3.47745
-2.98694
-2.49515
-2.00220
-1.51428
-1.02712
-0.54353
-0.06222
0.41639
0.88715
1.34944
1.80150
2.24550
2.67926
3.10243
3.51267
3.91360
4.30143
4.67956
5.04193
5.39238
5.73075
6.05557
6.36941
6.67197
6.96057
7.23834
7.50373
7.75990
8.00782
8.24547
8.47480
8.69220
8.90399
9.10639
9.30088
9.48536
9.66046
9.83172
9.99439
10.14944
10.29286
10.42621
10.54839
10.65916
10.75694
10.84277
10.91597
10.97353
11.01350
11.03874
11.04711
11.03488
11.00484
10.95327
10.88297
10.79211
10.67808
10.54182
10.38183
10.19744
9.99136
9.76321
9.51235
9.23687
8.93978
8.62225
8.28350
7.92309
7.54514
7.14524
6.72890
6.29579
5.85000
5.39221
4.92330
4.44391
3.95875
3.46558
2.96276
2.45648
1.94738
1.43965
0.93673
0.43477
-0.06325
-0.55685
-1.04541
-1.52238
-1.98745
-2.44355
-2.89311
-3.32821
-3.75411
-4.16709
-4.56817
-4.95497
-5.32717
-5.68816
-6.03956
-6.38176
-6.71208
-7.03389
-7.34313
-7.64292
-7.93402
-8.21798
-8.49646
-8.76736
-9.03098
-9.28613
-9.53223
-9.77241
-10.00619
-10.23087
-10.44433
-10.65007
-10.84430
-11.03283
-11.21197
-11.37711
-11.52991
-11.66611
-11.78628
-11.89270
-11.98412
-12.06158
-12.12326
-12.16539
-12.18732
-12.18884
-12.17395
-12.14253
-12.09383
-12.03027
-11.94664
-11.84133
-11.71599
-11.57484
-11.42101
-11.25276
-11.07125
-10.87394
-10.65968
-10.43000
-10.18810
-9.93686
-9.67382
-9.39783
-9.10962
-8.80709
-8.49260
-8.16461
-7.82095
-7.46669
-7.09958
-6.71893
-6.32620
-5.92433
-5.50980
-5.08211
-4.64465
-4.19566
-3.73320
-3.26400
-2.78788
-2.30717
-1.82144
-1.33137
-0.83819
-0.34311
0.14998
0.63893
1.12095
1.59547
2.06072
2.51665
2.96222
3.39576
3.81344
4.21538
4.60072
4.96751
5.31371
5.63737
5.94117
6.22230
6.48455
6.72681
6.94706
7.14819
7.32829
7.48440
7.62541
7.74995
7.86042
7.96102
8.05225
8.13149
8.20462
8.27287
8.34037
8.40569
8.47589
8.54289
8.61348
8.68733
8.76815
8.85301
8.94098
9.02990
9.12000
9.21204
9.30196
9.39303
9.48270
9.57103
9.65112
9.72177
9.77613
9.81882
9.84815
9.86613
9.86783
9.84957
9.81164
9.74932
9.66796
9.56686
9.44379
9.29853
9.12953
8.93235
8.71271
8.47142
8.21152
7.92980
7.62396
7.29496
6.94214
6.56528
6.17274
5.76567
5.34430
4.90567
4.44618
3.96884
3.47836
2.97657
2.46935
1.95492
1.42854
0.89185
0.34743
-0.20259
-0.75341
-1.30334
-1.85385
-2.40621
-2.96027
-3.50999
-4.05299
-4.58901
-5.11647
-5.63724
-6.14834
-6.65084
-7.14049
-7.61291
-8.07170
-8.51145
-8.93636
-9.34565
-9.73407
-10.10528
-10.45204
-10.77844
-11.08522
-11.37321
-11.63855
-11.88301
-12.09935
-12.29615
-12.46813
-12.62122
-12.75492
-12.86761
-12.95502
-13.01547
-13.05376
-13.06983
-13.06900
-13.05026
-13.01221
-12.95421
-12.87523
-12.77702
-12.66459
-12.53576
-12.39511
-12.23968
-12.07419
-11.89707
-11.70966
-11.51144
-11.30126
-11.08308
-10.85655
-10.62521
-10.38463
-10.13682
-9.87981
-9.60934
-9.32992
-9.04093
-8.74808
-8.44734
-8.13707
-7.81416
-7.47376
-7.11905
-6.75025
-6.37325
-5.98561
-5.58628
-5.17038
-4.73658
-4.28491
-3.81962
-3.34129
-2.84973
-2.34308
-1.82466
-1.29607
-0.75715
-0.20871
0.34773
0.91195
1.48271
2.05459
2.62520
3.19158
3.75370
4.31294
4.86193
5.40417
5.93076
6.44280
6.93152
7.40241
7.84978
8.27356
8.67023
9.03832
9.37564
9.68785
9.97156
10.22580
10.45058
10.64366
10.80901
10.94709
11.06438
11.15860
11.23123
11.28371
11.31714
11.33412
11.34199
11.34106
11.33079
11.31892
11.29714
11.27134
11.24221
11.21666
11.19432
11.17601
11.15981
11.14361
11.13046
11.11917
11.11253
11.10904
11.10390
11.09722
11.08887
11.07600
11.06042
11.04134
11.01458
10.97623
10.92511
10.86043
10.78217
10.69081
10.58595
10.46376
10.32289
10.16131
9.97913
9.77561
9.55065
9.30300
9.03483
8.73858
8.41269
8.06219
7.68715
7.28834
6.85896
6.39913
5.91132
5.39776
4.85741
4.29490
3.70556
3.09175
2.45950
1.80970
1.14444
0.46790
-0.22129
-0.91646
-1.61597
-2.31982
-3.02178
-3.72018
-4.41347
-5.09952
-5.77576
-6.44145
-7.09370
-7.73118
-8.34791
-8.94614
-9.52583
-10.08675
-10.62472
-11.13817
-11.62503
-12.08645
-12.52012
-12.92445
-13.30073
-13.64437
-13.95530
-14.24125
-14.49531
-14.72301
-14.91666
-15.07908
-15.20696
-15.30375
-15.37398
-15.42033
-15.44041
-15.43183
-15.39723
-15.33848
-15.25668
-15.15640
-15.03700
-14.89974
-14.74499
-14.57331
-14.38826
-14.19045
-13.98349
-13.76954
-13.54502
-13.31430
-13.07760
-12.83502
-12.58670
-12.33364
-12.07186
-11.80465
-11.53004
-11.25468
-10.97090
-10.68348
-10.38719
-10.07863
-9.75912
-9.42796
-9.08553
-8.72915
-8.35778
-7.96939
-7.56141
-7.12897
-6.67621
-6.20528
-5.71168
-5.19477
-4.65532
-4.09441
-3.51365
-2.91501
-2.30155
-1.67356
-1.03541
-0.38681
0.26474
0.91845
1.57160
2.22083
2.86182
3.49320
4.11461
4.71478
5.29892
5.86228
6.40416
6.92524
7.42316
7.89970
8.35230
8.77937
9.18330
9.56607
9.92648
10.26701
10.58631
10.88238
11.15577
11.40785
11.64247
11.86157
12.06587
12.25073
12.41985
12.57212
12.71052
12.83386
12.94278
13.04168
13.13000
13.20952
13.28136
13.34350
13.39608
13.43865
13.47369
13.50770
13.53537
13.56361
13.58456
13.59974
13.60970
13.61411
13.61893
13.62074
13.61757
13.60566
13.58309
13.55445
13.51691
13.47448
13.42323
13.35744
13.27544
13.17327
13.05187
12.91202
12.75382
12.57130
12.36333
12.12203
11.84852
11.54487
11.21205
10.84894
10.45888
10.03352
9.57499
9.08214
8.56275
8.01874
7.45482
6.86882
6.26499
5.64029
5.00311
4.35497
3.69812
3.03777
2.37204
1.70310
1.03070
0.35815
-0.30951
-0.97588
-1.63223
-2.28482
-2.92947
-3.56783
-4.19350
-4.80710
-5.40893
-5.99313
-6.55819
-7.10299
-7.62858
-8.13281
-8.61302
-9.06875
-9.49646
-9.89846
-10.27731
-10.63239
-10.96328
-11.26717
-11.54232
-11.79067
-12.01281
-12.21411
-12.39721
-12.55755
-12.69748
-12.81276
-12.90317
-12.97239
-13.02580
-13.06312
-13.08023
-13.07571
-13.04891
-13.00313
-12.93869
-12.85607
-12.75801
-12.64410
-12.51099
-12.36533
-12.20103
-12.02469
-11.83757
-11.64163
-11.43701
-11.22171
-10.99321
-10.75887
-10.51824
-10.27397
-10.02110
-9.75786
-9.48626
-9.20470
-8.91710
-8.62059
-8.31263
-7.99533
-7.66391
-7.31909
-6.96161
-6.59039
-6.20845
-5.81112
-5.39507
-4.96210
-4.51195
-4.04169
-3.55433
-3.05099
-2.53145
-1.99211
