
0.00000
0.00000
0.00001
0.00008
0.00029
0.00075
0.00159
0.00280
0.00442
0.00631
0.00836
0.01044
0.01256
0.01480
0.01728
0.01995
0.02288
0.02606
0.02935
0.03267
0.03591
0.03917
0.04250
0.04601
0.04965
0.05343
0.05718
0.06082
0.06447
0.06802
0.07164
0.07532
0.07909
0.08281
0.08650
0.09006
0.09350
0.09692
0.10036
0.10380
0.10724
0.11061
0.11381
0.11685
0.11984
0.12282
0.12574
0.12863
0.13134
0.13388
0.13625
0.13853
0.14079
0.14292
0.14494
0.14679
0.14840
0.14991
0.15124
0.15253
0.15361
0.15454
0.15526
0.15579
0.15614
0.15632
0.15635
0.15627
0.15591
0.15537
0.15462
0.15365
0.15252
0.15120
0.14969
0.14796
0.14595
0.14377
0.14137
0.13876
0.13601
0.13300
0.12978
0.12632
0.12264
0.11873
0.11463
0.11037
0.10591
0.10127
0.09642
0.09142
0.08627
0.08097
0.07551
0.06990
0.06413
0.05817
0.05206
0.04583
0.03946
0.03297
0.02632
0.01956
0.01266
0.00561
-0.00150
-0.00865
-0.01585
-0.02306
-0.03028
-0.03754
-0.04480
-0.05198
-0.05915
-0.06620
-0.07316
-0.08003
-0.08680
-0.09338
-0.09983
-0.10605
-0.11208
-0.11795
-0.12362
-0.12909
-0.13433
-0.13935
-0.14412
-0.14863
-0.15289
-0.15695
-0.16074
-0.16430
-0.16759
-0.17057
-0.17335
-0.17590
-0.17820
-0.18026
-0.18208
-0.18364
-0.18495
-0.18602
-0.18685
-0.18744
-0.18780
-0.18791
-0.18775
-0.18737
-0.18669
-0.18576
-0.18460
-0.18316
-0.18143
-0.17946
-0.17721
-0.17464
-0.17180
-0.16872
-0.16540
-0.16183
-0.15797
-0.15389
-0.14958
-0.14500
-0.14023
-0.13522
-0.13003
-0.12465
-0.11908
-0.11334
-0.10746
-0.10140
-0.09526
-0.08896
-0.08261
-0.07613
-0.06955
-0.06293
-0.05621
-0.04943
-0.04271
-0.03593
-0.02918
-0.02247
-0.01575
-0.00911
-0.00251
0.00403
0.01048
0.01681
0.02300
0.02905
0.03495
0.04073
0.04635
0.05182
0.05712
0.06229
0.06735
0.07227
0.07706
0.08173
0.08627
0.09068
0.09502
0.09923
0.10335
0.10733
0.11124
0.11499
0.11864
0.12215
0.12558
0.12886
0.13200
0.13501
0.13788
0.14061
0.14317
0.14561
0.14785
0.14998
0.15194
0.15373
0.15530
0.15675
0.15794
0.15900
0.15982
0.16048
0.16089
0.16110
0.16109
0.16082
0.16035
0.15966
0.15874
0.15755
0.15612
0.15440
0.15245
0.15023
0.14777
0.14503
0.14205
0.13885
0.13534
0.13157
0.12755
0.12330
0.11877
0.11402
0.10901
0.10378
0.09835
0.09267
0.08687
0.08081
0.07458
0.06818
0.06161
0.05492
0.04808
0.04110
0.03399
0.02679
0.01956
0.01222
0.00489
-0.00247
-0.00994
-0.01738
-0.02488
-0.03235
-0.03982
-0.04725
-0.05461
-0.06193
-0.06918
-0.07634
-0.08341
-0.09038
-0.09720
-0.10392
-0.11042
-0.11679
-0.12299
-0.12902
-0.13481
-0.14042
-0.14574
-0.15085
-0.15570
-0.16028
-0.16461
-0.16869
-0.17245
-0.17595
-0.17914
-0.18206
-0.18475
-0.18713
-0.18920
-0.19096
-0.19243
-0.19362
-0.19448
-0.19509
-0.19542
-0.19542
-0.19512
-0.19447
-0.19350
-0.19228
-0.19076
-0.18889
-0.18675
-0.18424
-0.18146
-0.17835
-0.17492
-0.17129
-0.16728
-0.16312
-0.15857
-0.15376
-0.14869
-0.14338
-0.13782
-0.13204
-0.12605
-0.11990
-0.11353
-0.10700
-0.10035
-0.09354
-0.08672
-0.07977
-0.07276
-0.06568
-0.05854
-0.05142
-0.04429
-0.03715
-0.03007
-0.02302
-0.01602
-0.00910
-0.00227
0.00451
0.01116
0.01768
0.02408
0.03034
0.03648
0.04249
0.04828
0.05397
0.05952
0.06493
0.07016
0.07523
0.08020
0.08495
0.08961
0.09406
0.09845
0.10268
0.10682
0.11087
0.11485
0.11872
0.12251
0.12625
0.12992
0.13350
0.13701
0.14048
0.14383
0.14713
0.15035
0.15339
0.15631
0.15911
0.16180
0.16426
0.16656
0.16869
0.17057
0.17225
0.17371
0.17492
0.17583
0.17654
0.17692
0.17707
0.17688
0.17641
0.17559
0.17452
0.17310
0.17139
0.16937
0.16707
0.16440
0.16150
0.15825
0.15474
0.15094
0.14691
0.14262
0.13808
0.13327
0.12825
0.12298
0.11755
0.11189
0.10603
0.10001
0.09378
0.08742
0.08091
0.07423
0.06746
0.06050
0.05347
0.04636
0.03918
0.03190
0.02459
0.01722
0.00982
0.00240
-0.00500
-0.01238
-0.01969
-0.02701
-0.03425
-0.04142
-0.04847
-0.05542
-0.06223
-0.06895
-0.07550
-0.08199
-0.08828
-0.09444
-0.10037
-0.10615
-0.11174
-0.11711
-0.12229
-0.12727
-0.13202
-0.13657
-0.14088
-0.14492
-0.14874
-0.15229
-0.15558
-0.15862
-0.16137
-0.16388
-0.16610
-0.16806
-0.16976
-0.17122
-0.17244
-0.17341
-0.17414
-0.17463
-0.17485
-0.17490
-0.17469
-0.17428
-0.17367
-0.17282
-0.17171
-0.17044
-0.16896
-0.16729
-0.16533
-0.16321
-0.16084
-0.15826
-0.15537
-0.15224
-0.14881
-0.14509
-0.14110
-0.13684
-0.13225
-0.12736
-0.12221
-0.11675
-0.11097
-0.10492
-0.09860
-0.09200
-0.08515
-0.07806
-0.07082
-0.06337
-0.05573
-0.04802
-0.04023
-0.03239
-0.02454
-0.01674
-0.00898
-0.00127
0.00628
0.01377
0.02107
0.02816
0.03506
0.04179
0.04822
0.05445
0.06045
0.06615
0.07161
0.07678
0.08173
0.08641
0.09095
0.09520
0.09929
0.10318
0.10688
0.11042
0.11382
0.11710
0.12029
0.12336
0.12634
0.12922
0.13207
0.13482
0.13754
0.14030
0.14298
0.14560
0.14820
0.15078
0.15330
0.15574
0.15807
0.16041
0.16256
0.16470
0.16668
0.16849
0.17018
0.17171
0.17308
0.17424
0.17519
0.17592
0.17640
0.17665
0.17666
0.17639
0.17588
0.17509
0.17399
0.17262
0.17092
0.16892
0.16663
0.16402
0.16109
0.15781
0.15426
0.15037
0.14618
0.14168
0.13686
0.13178
0.12639
0.12073
0.11482
0.10872
0.10237
0.09582
0.08907
0.08214
0.07509
0.06788
0.06059
0.05324
0.04581
0.03832
0.03080
0.02326
0.01579
0.00833
0.00099
-0.00638
-0.01357
-0.02070
-0.02770
-0.03458
-0.04126
-0.04778
-0.05410
-0.06024
-0.06619
-0.07191
-0.07742
-0.08270
-0.08774
-0.09254
-0.09709
-0.10138
-0.10545
-0.10924
-0.11280
-0.11610
-0.11912
-0.12194
-0.12450
-0.12677
-0.12886
-0.13072
-0.13237
-0.13383
-0.13507
-0.13617
-0.13708
-0.13781
-0.13834
-0.13870
-0.13892
-0.13889
-0.13869
-0.13834
-0.13779
-0.13704
-0.13619
-0.13514
-0.13395
-0.13264
-0.13110
-0.12945
-0.12763
-0.12564
-0.12352
-0.12120
-0.11873
-0.11607
-0.11327
-0.11029
-0.10712
-0.10374
-0.10016
-0.09639
-0.09238
-0.08819
-0.08376
-0.07916
-0.07434
-0.06931
-0.06409
-0.05870
-0.05313
-0.04732
-0.04138
-0.03532
-0.02911
-0.02275
-0.01632
-0.00975
-0.00312
0.00356
0.01025
0.01694
0.02363
0.03029
0.03691
0.04342
0.04987
0.05621
0.06240
0.06845
0.07436
0.08013
0.08571
0.09109
0.09625
0.10121
0.10600
0.11059
0.11494
0.11909
0.12301
0.12673
0.13030
0.13364
0.13677
0.13972
0.14245
0.14498
0.14733
0.14953
0.15156
0.15346
0.15517
0.15671
0.15813
0.15944
0.16064
0.16174
0.16275
0.16363
0.16442
0.16514
0.16572
0.16628
0.16680
0.16717
0.16753
0.16782
0.16801
0.16810
0.16811
0.16803
0.16783
0.16744
0.16692
0.16619
0.16527
0.16416
0.16285
0.16131
0.15953
0.15750
0.15530
0.15284
0.15012
0.14715
0.14393
0.14041
0.13660
0.13255
0.12823
0.12371
0.11896
0.11406
0.10892
0.10364
0.09822
0.09271
0.08701
0.08131
0.07556
0.06978
0.06399
0.05822
0.05255
0.04691
0.04133
0.03592
0.03058
0.02540
0.02035
0.01544
0.01066
0.00600
0.00151
-0.00286
-0.00706
-0.01119
-0.01518
-0.01907
-0.02283
-0.02653
-0.03011
-0.03358
-0.03701
-0.04034
-0.04362
-0.04683
-0.05001
-0.05309
-0.05617
-0.05916
-0.06210
-0.06502
-0.06788
-0.07071
-0.07350
-0.07623
-0.07894
-0.08160
-0.08419
-0.08670
-0.08918
-0.09155
-0.09384
-0.09604
-0.09814
-0.10013
-0.10196
-0.10369
-0.10530
-0.10675
-0.10803
-0.10917
-0.11010
-0.11090
-0.11151
-0.11197
-0.11224
-0.11236
-0.11228
-0.11198
-0.11153
-0.11093
-0.11017
-0.10925
-0.10820
-0.10696
-0.10557
-0.10408
-0.10247
-0.10063
-0.09869
-0.09661
-0.09438
-0.09202
-0.08949
-0.08683
-0.08398
-0.08103
-0.07790
-0.07461
-0.07114
-0.06753
-0.06370
-0.05973
-0.05559
-0.05129
-0.04682
-0.04224
-0.03748
-0.03255
-0.02754
-0.02239
-0.01718
-0.01188
-0.00648
-0.00116
0.00424
0.00964
0.01500
0.02031
0.02555
0.03071
0.03574
0.04067
0.04547
0.05012
0.05469
0.05912
0.06342
0.06761
0.07169
0.07569
0.07960
0.08346
0.08727
0.09098
0.09466
0.09825
0.10188
0.10544
0.10893
0.11243
0.11586
0.11922
0.12255
0.12581
0.12902
0.13216
0.13521
0.13814
0.14095
0.14363
0.14616
0.14853
0.15069
0.15270
0.15445
0.15599
0.15729
0.15834
0.15910
0.15962
0.15983
0.15972
0.15926
0.15851
0.15744
0.15606
0.15432
0.15231
0.14996
0.14735
0.14439
0.14119
0.13773
0.13396
0.12997
0.12576
0.12132
0.11669
0.11188
0.10693
0.10183
0.09659
0.09127
0.08588
0.08038
0.07486
0.06931
0.06376
0.05825
0.05277
0.04731
0.04196
0.03667
0.03149
0.02641
0.02143
0.01658
0.01183
0.00719
0.00265
-0.00182
-0.00616
-0.01052
-0.01479
-0.01905
-0.02329
-0.02755
-0.03182
-0.03616
-0.04056
-0.04504
-0.04957
-0.05418
-0.05891
-0.06374
-0.06862
-0.07359
-0.07864
-0.08372
-0.08877
-0.09385
-0.09891
-0.10391
-0.10888
-0.11380
-0.11863
-0.12332
-0.12785
-0.13228
-0.13650
-0.14057
-0.14441
-0.14806
-0.15150
-0.15464
-0.15758
-0.16025
-0.16263
-0.16476
-0.16661
-0.16819
-0.16946
-0.17046
-0.17119
-0.17164
-0.17179
-0.17169
-0.17132
-0.17066
-0.16973
-0.16853
-0.16703
-0.16527
-0.16325
-0.16094
-0.15838
-0.15552
-0.15243
-0.14915
-0.14559
-0.14181
-0.13783
-0.13359
-0.12918
-0.12456
-0.11985
-0.11497
-0.10999
-0.10487
-0.09971
-0.09445
-0.08919
-0.08387
-0.07854
-0.07323
-0.06793
-0.06268
-0.05749
-0.05240
-0.04735
-0.04238
-0.03754
-0.03282
-0.02815
-0.02363
-0.01918
-0.01488
-0.01063
-0.00649
-0.00237
0.00165
0.00560
0.00947
0.01335
0.01720
0.02106
0.02489
0.02877
0.03267
0.03655
0.04052
0.04449
0.04855
0.05261
0.05673
0.06090
0.06509
0.06936
0.07357
0.07783
0.08207
0.08626
0.09041
0.09445
0.09842
0.10227
0.10596
0.10950
0.11287
0.11597
0.11890
0.12153
0.12394
0.12601
0.12778
0.12922
0.13032
0.13105
0.13141
0.13139
0.13097
0.13022
0.12905
0.12753
0.12560
0.12329
0.12066
0.11764
0.11433
0.11073
0.10683
0.10264
0.09820
0.09355
0.08871
0.08371
0.07853
0.07321
0.06781
0.06228
0.05678
0.05122
0.04570
0.04022
0.03479
0.02946
0.02424
0.01907
0.01402
0.00915
0.00440
-0.00023
-0.00472
-0.00908
-0.01332
-0.01743
-0.02146
-0.02536
-0.02920
-0.03299
-0.03670
-0.04040
-0.04409
-0.04777
-0.05141
-0.05512
-0.05883
-0.06256
-0.06629
-0.07007
-0.07389
-0.07768
-0.08151
-0.08534
-0.08913
-0.09290
-0.09667
-0.10033
-0.10396
-0.10748
-0.11087
-0.11412
-0.11723
-0.12015
-0.12294
-0.12552
-0.12795
-0.13014
-0.13214
-0.13392
-0.13547
-0.13686
-0.13801
-0.13897
-0.13970
-0.14024
-0.14061
-0.14076
-0.14075
-0.14060
-0.14024
-0.13975
-0.13909
-0.13829
-0.13730
-0.13612
-0.13479
-0.13325
-0.13154
-0.12963
-0.12748
-0.12516
-0.12259
-0.11977
-0.11673
-0.11347
-0.11000
-0.10626
-0.10229
-0.09814
-0.09370
-0.08910
-0.08429
-0.07929
-0.07412
-0.06888
-0.06351
-0.05809
-0.05262
-0.04713
-0.04170
-0.03631
-0.03103
-0.02588
-0.02090
-0.01605
-0.01142
-0.00707
-0.00292
0.00093
0.00449
0.00772
0.01067
0.01327
0.01555
0.01758
0.01929
0.02072
0.02190
0.02282
0.02362
0.02420
0.02471
0.02518
0.02566
0.02617
0.02677
0.02750
0.02841
0.02952
0.03094
0.03263
0.03459
0.03685
0.03942
0.04230
0.04548
0.04890
0.05261
0.05658
0.06072
0.06506
0.06950
0.07406
0.07869
0.08332
0.08790
0.09243
0.09682
0.10103
0.10509
0.10886
0.11245
0.11574
0.11872
0.12141
0.12368
0.12562
0.12717
0.12831
0.12906
0.12936
0.12930
0.12874
0.12778
0.12640
0.12462
0.12238
0.11975
0.11671
0.11328
0.10945
0.10522
0.10064
0.09572
0.09048
0.08495
0.07909
0.07299
0.06665
0.06009
0.05331
0.04640
0.03933
0.03214
0.02488
0.01751
0.01013
0.00271
-0.00467
-0.01200
-0.01929
-0.02648
-0.03360
-0.04059
-0.04739
-0.05408
-0.06052
-0.06680
-0.07288
-0.07869
-0.08431
-0.08964
-0.09474
-0.09956
-0.10409
-0.10835
-0.11238
-0.11608
-0.11955
-0.12267
-0.12554
-0.12810
-0.13039
-0.13241
-0.13411
-0.13557
-0.13671
-0.13762
-0.13828
-0.13871
-0.13894
-0.13894
-0.13876
-0.13846
-0.13799
-0.13743
-0.13676
-0.13599
-0.13518
-0.13433
-0.13342
-0.13248
-0.13153
-0.13058
-0.12961
-0.12853
-0.12744
-0.12630
-0.12513
-0.12390
-0.12257
-0.12116
-0.11958
-0.11788
-0.11602
-0.11395
-0.11170
-0.10921
-0.10652
-0.10354
-0.10026
-0.09669
-0.09280
-0.08861
-0.08412
-0.07929
-0.07413
-0.06864
-0.06288
-0.05683
-0.05049
-0.04393
-0.03715
-0.03021
-0.02310
-0.01585
-0.00851
-0.00116
0.00617
0.01351
0.02068
0.02776
0.03464
0.04134
0.04763
0.05372
0.05939
0.06468
0.06954
0.07402
0.07802
0.08155
0.08462
0.08721
0.08943
0.09115
0.09253
0.09355
0.09424
0.09456
0.09469
0.09461
0.09438
0.09407
0.09371
0.09335
0.09296
0.09271
0.09255
0.09255
0.09280
0.09327
0.09395
0.09489
0.09613
0.09768
0.09948
0.10157
0.10395
0.10655
0.10935
0.11232
0.11548
0.11876
0.12216
0.12564
0.12911
0.13251
0.13588
0.13912
0.14224
0.14515
0.14790
0.15039
0.15256
0.15443
0.15599
0.15713
0.15782
0.15804
0.15782
0.15708
0.15580
0.15398
0.15155
0.14853
0.14488
0.14065
0.13578
0.13033
0.12424
0.11764
0.11041
0.10266
0.09447
0.08582
0.07673
0.06733
0.05759
0.04761
0.03747
0.02713
0.01666
0.00619
-0.00433
-0.01482
-0.02522
-0.03552
-0.04564
-0.05559
-0.06533
-0.07485
-0.08409
-0.09303
-0.10166
-0.10989
-0.11777
-0.12529
-0.13233
-0.13900
-0.14521
-0.15097
-0.15624
-0.16115
-0.16553
-0.16948
-0.17295
-0.17596
-0.17854
-0.18071
-0.18243
-0.18379
-0.18477
-0.18537
-0.18565
-0.18566
-0.18541
-0.18491
-0.18417
-0.18326
-0.18219
-0.18096
-0.17963
-0.17826
-0.17683
-0.17538
-0.17392
-0.17248
-0.17100
-0.16960
-0.16821
-0.16688
-0.16552
-0.16421
-0.16289
-0.16162
-0.16024
-0.15888
-0.15745
-0.15586
-0.15416
-0.15225
-0.15020
-0.14784
-0.14521
-0.14220
-0.13885
-0.13507
-0.13086
-0.12620
-0.12109
-0.11546
-0.10941
-0.10287
-0.09592
-0.08855
-0.08084
-0.07282
-0.06454
-0.05601
-0.04740
-0.03862
-0.02985
-0.02110
-0.01242
-0.00385
0.00456
0.01271
0.02059
0.02822
0.03554
0.04258
0.04923
0.05563
0.06167
0.06739
0.07281
0.07796
0.08279
0.08736
0.09164
0.09567
0.09948
0.10301
0.10640
0.10956
0.11258
0.11537
0.11809
0.12064
0.12314
0.12552
0.12782
0.13010
0.13234
0.13456
0.13682
0.13908
0.14141
0.14379
0.14624
0.14880
0.15142
0.15419
0.15703
0.15998
0.16304
0.16621
0.16949
0.17285
0.17627
0.17972
0.18316
0.18661
0.19004
0.19338
0.19663
0.19967
0.20257
0.20524
0.20760
0.20960
0.21122
0.21243
0.21313
0.21328
0.21288
0.21191
0.21034
0.20809
0.20524
0.20172
0.19762
0.19289
0.18757
0.18166
0.17525
0.16838
0.16104
0.15326
0.14517
0.13677
0.12805
0.11913
0.10997
0.10067
0.09120
0.08161
0.07200
0.06229
0.05261
0.04293
0.03329
0.02368
0.01420
0.00487
-0.00428
-0.01327
-0.02200
-0.03051
-0.03871
-0.04658
-0.05414
-0.06132
-0.06817
-0.07466
-0.08081
-0.08662
-0.09203
-0.09713
-0.10185
-0.10627
-0.11034
-0.11413
-0.11767
-0.12087
-0.12388
-0.12660
-0.12911
-0.13137
-0.13342
-0.13524
-0.13681
-0.13816
-0.13925
-0.14020
-0.14092
-0.14139
-0.14171
-0.14183
-0.14175
-0.14162
-0.14133
-0.14092
-0.14047
-0.13995
-0.13936
-0.13874
-0.13807
-0.13742
-0.13675
-0.13611
-0.13537
-0.13462
-0.13379
-0.13289
-0.13192
-0.13081
-0.12960
-0.12827
-0.12673
-0.12499
-0.12302
-0.12076
-0.11826
-0.11545
-0.11228
-0.10877
-0.10490
-0.10059
-0.09580
-0.09066
-0.08502
-0.07897
