
0.00000
0.00000
-0.00084
0.00335
0.01478
0.03893
0.08239
0.14597
0.23165
0.32978
0.43637
0.54499
0.65503
0.77322
0.90191
1.04103
1.19453
1.35967
1.53238
1.70553
1.87565
2.04477
2.21853
2.40217
2.59262
2.78927
2.98516
3.17632
3.36544
3.55221
3.74144
3.93295
4.12893
4.32376
4.51656
4.70247
4.88167
5.06033
5.24072
5.42005
5.60075
5.77574
5.94277
6.10333
6.25839
6.41344
6.56606
6.71616
6.85832
6.99035
7.11512
7.23341
7.35112
7.46331
7.56903
7.66520
7.75028
7.82783
7.89816
7.96494
8.02154
8.07051
8.10788
8.13535
8.15340
8.16383
8.16538
8.15901
8.14283
8.11381
8.07457
8.02314
7.96387
7.89650
7.81696
7.72597
7.62101
7.50750
7.38141
7.24638
7.10179
6.94566
6.77655
6.59674
6.40353
6.19993
5.98595
5.76304
5.53098
5.28826
5.03486
4.77416
4.50388
4.22816
3.94277
3.65106
3.34961
3.03791
2.71853
2.39321
2.06089
1.72178
1.37438
1.02085
0.66028
0.29258
-0.07931
-0.45195
-0.82821
-1.20408
-1.58180
-1.96049
-2.33932
-2.71517
-3.08870
-3.45697
-3.82108
-4.17976
-4.53323
-4.87749
-5.21347
-5.53760
-5.85286
-6.15879
-6.45604
-6.74136
-7.01565
-7.27703
-7.52719
-7.76124
-7.98484
-8.19606
-8.39499
-8.58102
-8.75199
-8.90771
-9.05261
-9.18546
-9.30560
-9.41392
-9.50873
-9.59105
-9.65885
-9.71436
-9.75753
-9.78962
-9.80688
-9.81319
-9.80455
-9.78473
-9.74894
-9.70117
-9.64059
-9.56557
-9.47615
-9.37261
-9.25415
-9.12074
-8.97264
-8.81084
-8.63770
-8.45103
-8.25033
-8.03627
-7.81145
-7.57219
-7.32332
-7.06187
-6.79074
-6.50991
-6.21914
-5.91897
-5.61177
-5.29657
-4.97492
-4.64582
-4.31496
-3.97592
-3.63302
-3.28674
-2.93607
-2.58282
-2.22999
-1.87652
-1.52436
-1.17245
-0.82229
-0.47592
-0.13162
0.21030
0.54613
0.87787
1.20016
1.51720
1.82562
2.12721
2.42049
2.70602
2.98226
3.25255
3.51684
3.77352
4.02297
4.26821
4.50468
4.73570
4.96064
5.18166
5.39601
5.60498
5.80802
6.00529
6.19551
6.37874
6.55729
6.72807
6.89202
7.04967
7.20060
7.34178
7.47701
7.60299
7.72113
7.83205
7.93446
8.02879
8.11044
8.18531
8.24789
8.30315
8.34576
8.37930
8.40141
8.41235
8.41232
8.39788
8.37393
8.33722
8.28895
8.22701
8.15223
8.06303
7.96106
7.84493
7.71623
7.57332
7.41860
7.25049
7.06649
6.87031
6.65958
6.43784
6.20146
5.95461
5.69259
5.41916
5.13583
4.84086
4.53627
4.22060
3.89387
3.56081
3.21850
2.86785
2.50970
2.14581
1.77580
1.39980
1.02025
0.63761
0.25447
-0.12999
-0.51857
-0.90782
-1.29908
-1.69059
-2.07971
-2.46731
-2.85277
-3.23375
-3.61320
-3.98680
-4.35666
-4.72059
-5.07662
-5.42686
-5.76684
-6.09955
-6.42270
-6.73809
-7.04049
-7.33268
-7.61132
-7.87771
-8.13155
-8.37056
-8.59701
-8.81046
-9.00584
-9.18820
-9.35695
-9.50882
-9.64812
-9.77194
-9.88035
-9.97337
-10.04921
-10.11117
-10.15600
-10.18956
-10.20581
-10.20591
-10.18974
-10.15572
-10.10593
-10.04201
-9.96109
-9.86442
-9.75192
-9.62225
-9.47731
-9.31410
-9.13653
-8.94515
-8.73662
-8.51814
-8.28133
-8.03115
-7.76530
-7.48818
-7.19785
-6.89534
-6.58183
-6.26119
-5.92832
-5.58809
-5.24073
-4.88492
-4.52797
-4.16631
-3.80031
-3.43048
-3.05790
-2.68572
-2.31317
-1.94035
-1.57032
-1.20159
-0.83737
-0.47627
-0.11826
0.23550
0.58328
0.92326
1.25730
1.58367
1.90511
2.21786
2.52187
2.81832
3.10792
3.38970
3.66330
3.92982
4.18676
4.43685
4.67863
4.91239
5.14090
5.36118
5.57802
5.78962
5.99659
6.19869
6.39651
6.59259
6.78362
6.97154
7.15480
7.33573
7.51135
7.68291
7.85107
8.01090
8.16272
8.30924
8.44862
8.57799
8.69725
8.80884
8.90694
8.99537
9.07115
9.13393
9.18233
9.21868
9.23899
9.24636
9.23664
9.21104
9.16979
9.11350
9.04007
8.95069
8.84512
8.72424
8.58619
8.43337
8.26346
8.07959
7.88211
7.67168
7.44775
7.20909
6.95893
6.69730
6.42265
6.13692
5.84322
5.53726
5.22241
4.89761
4.56568
4.22421
3.87628
3.52174
3.16044
2.79246
2.42116
2.04537
1.66588
1.28326
0.89882
0.51246
0.12505
-0.26098
-0.64720
-1.02941
-1.41018
-1.78938
-2.16252
-2.53086
-2.89414
-3.25114
-3.60042
-3.94472
-4.28199
-4.61119
-4.93146
-5.24226
-5.54396
-5.83569
-6.11587
-6.38736
-6.64671
-6.89576
-7.13216
-7.35726
-7.56850
-7.76729
-7.95343
-8.12545
-8.28371
-8.42742
-8.55868
-8.67454
-8.77684
-8.86536
-8.94183
-9.00616
-9.05633
-9.09427
-9.12033
-9.13145
-9.13401
-9.12253
-9.10127
-9.06921
-9.02446
-8.96711
-8.90107
-8.82332
-8.73596
-8.63479
-8.52459
-8.40049
-8.26403
-8.11375
-7.95036
-7.77108
-7.57807
-7.36961
-7.14642
-6.90715
-6.65305
-6.38287
-6.09702
-5.79544
-5.47908
-5.14919
-4.80481
-4.44660
-4.07784
-3.69808
-3.30933
-2.91151
-2.50909
-2.10197
-1.69314
-1.28230
-0.87391
-0.46900
-0.06725
0.32829
0.71876
1.09991
1.47073
1.83010
2.18061
2.51697
2.84241
3.15579
3.45413
3.73926
4.00948
4.26759
4.51356
4.74861
4.97117
5.18471
5.38832
5.58102
5.76663
5.94342
6.11396
6.28150
6.44120
6.59680
6.74766
6.89637
7.04057
7.18231
7.32644
7.46572
7.60391
7.73953
7.87296
8.00471
8.13187
8.25514
8.37645
8.48926
8.60045
8.70424
8.79938
8.88755
8.96624
9.03873
9.09926
9.14777
9.18610
9.21166
9.22389
9.22544
9.21182
9.18427
9.14332
9.08528
9.01333
8.92545
8.82145
8.70085
8.56471
8.41259
8.24151
8.05505
7.85270
7.63361
7.39794
7.14672
6.88112
6.59998
6.30499
5.99634
5.67734
5.34563
5.00317
4.65092
4.28890
3.92089
3.54421
3.16433
2.78118
2.39245
2.00051
1.60908
1.21443
0.82400
0.43511
0.05064
-0.33292
-0.70927
-1.08115
-1.44743
-1.80589
-2.15486
-2.49475
-2.82598
-3.14606
-3.45639
-3.75549
-4.04331
-4.31816
-4.58329
-4.83329
-5.07020
-5.29440
-5.50722
-5.70537
-5.89018
-6.06318
-6.22105
-6.36805
-6.50146
-6.62008
-6.72966
-6.82682
-6.91306
-6.98941
-7.05468
-7.11215
-7.15944
-7.19604
-7.22519
-7.24368
-7.25488
-7.25386
-7.24375
-7.22439
-7.19554
-7.15696
-7.11132
-7.05700
-6.99560
-6.92688
-6.84612
-6.76049
-6.66463
-6.56202
-6.45051
-6.33028
-6.20091
-6.06248
-5.91519
-5.75961
-5.59466
-5.41807
-5.23037
-5.03427
-4.82558
-4.60620
-4.37594
-4.13428
-3.88218
-3.62056
-3.34722
-3.06610
-2.77375
-2.47191
-2.16110
-1.84423
-1.52026
-1.18882
-0.85239
-0.50955
-0.16340
0.18563
0.53466
0.88358
1.23355
1.58134
1.92713
2.26848
2.60439
2.93388
3.25809
3.57385
3.88359
4.18552
4.47523
4.75649
5.02596
5.28485
5.53537
5.77405
6.00106
6.21842
6.42421
6.61850
6.80313
6.97862
7.14166
7.29646
7.43951
7.57063
7.69328
7.80793
7.91464
8.01332
8.10303
8.18335
8.25853
8.32602
8.38889
8.44557
8.49944
8.54555
8.58634
8.62391
8.65459
8.68286
8.70926
8.73036
8.74842
8.76400
8.77266
8.77707
8.78007
8.77471
8.76437
8.74456
8.71636
8.67818
8.62988
8.57302
8.50427
8.42393
8.33193
8.22556
8.10897
7.98120
7.83877
7.68423
7.51521
7.33256
7.13389
6.92136
6.69624
6.45969
6.21166
5.95559
5.68779
5.41162
5.12891
4.84052
4.54384
4.24619
3.94556
3.64359
3.34145
3.04024
2.74372
2.44896
2.15924
1.87491
1.59638
1.32536
1.06236
0.80611
0.55553
0.31439
0.07945
-0.14899
-0.36918
-0.58457
-0.79304
-0.99683
-1.19295
-1.38558
-1.57248
-1.75443
-1.93323
-2.10697
-2.27831
-2.44630
-2.61139
-2.77316
-2.93331
-3.09030
-3.24430
-3.39485
-3.54478
-3.69282
-3.83808
-3.98099
-4.12305
-4.26219
-4.39698
-4.52896
-4.65772
-4.78120
-4.90018
-5.01671
-5.12545
-5.22886
-5.32571
-5.41521
-5.49949
-5.57421
-5.64218
-5.70020
-5.74949
-5.79155
-5.82366
-5.84665
-5.86237
-5.86766
-5.86374
-5.84877
-5.82519
-5.79227
-5.75312
-5.70541
-5.65011
-5.58636
-5.51400
-5.43527
-5.35041
-5.25626
-5.15315
-5.04594
-4.92910
-4.80567
-4.67357
-4.53416
-4.38609
-4.23188
-4.06887
-3.89677
-3.71530
-3.52588
-3.32636
-3.11991
-2.90395
-2.67960
-2.44496
-2.20547
-1.95751
-1.70068
-1.43883
-1.17036
-0.89728
-0.61911
-0.34002
-0.06037
0.22052
0.50255
0.78256
1.06004
1.33455
1.60374
1.86621
2.12284
2.37327
2.61757
2.85561
3.08652
3.31105
3.53032
3.74336
3.95238
4.15625
4.35824
4.55649
4.75103
4.94336
5.13146
5.31984
5.50534
5.68777
5.87072
6.05039
6.22621
6.39980
6.56953
6.73773
6.90135
7.05989
7.21410
7.36069
7.50065
7.63205
7.75640
7.86874
7.97275
8.06538
8.14567
8.21351
8.26909
8.30814
8.33565
8.34507
8.33948
8.31661
8.27722
8.22155
8.14874
8.05972
7.95324
7.83109
7.69347
7.54067
7.37305
7.19186
6.99576
6.78678
6.56687
6.33606
6.09376
5.84306
5.58410
5.31761
5.04407
4.76548
4.48400
4.19750
3.90921
3.62031
3.33009
3.04119
2.75578
2.47112
2.19144
1.91511
1.64385
1.37867
1.11976
0.86458
0.61692
0.37486
0.13707
-0.09466
-0.32256
-0.55004
-0.77260
-0.99511
-1.21614
-1.43928
-1.66209
-1.88827
-2.11918
-2.35229
-2.58923
-2.82916
-3.07634
-3.32850
-3.58389
-3.84299
-4.10725
-4.37138
-4.63614
-4.90124
-5.16535
-5.42639
-5.68653
-5.94325
-6.19556
-6.44032
-6.67717
-6.90754
-7.12890
-7.34141
-7.54194
-7.73196
-7.91181
-8.07566
-8.22909
-8.36865
-8.49327
-8.60443
-8.70222
-8.78383
-8.85020
-8.90222
-8.94032
-8.96287
-8.97150
-8.96612
-8.94662
-8.91393
-8.86428
-8.80041
-8.72269
-8.63001
-8.52534
-8.40559
-8.27097
-8.12301
-7.96045
-7.78834
-7.60241
-7.40629
-7.19706
-6.97739
-6.74601
-6.50688
-6.25940
-6.00450
-5.74385
-5.47694
-5.20659
-4.93193
-4.65696
-4.38006
-4.10175
-3.82481
-3.54839
-3.27456
-3.00237
-2.73576
-2.47250
-2.21456
-1.96047
-1.71338
-1.47092
-1.23524
-1.00260
-0.77696
-0.55558
-0.33807
-0.12456
0.08483
0.29144
0.49465
0.69794
0.89863
1.09885
1.29960
1.50147
1.70547
1.90853
2.11537
2.32323
2.53456
2.74743
2.96206
3.18053
3.39952
3.62086
3.84228
4.06426
4.28570
4.50514
4.72059
4.93239
5.13941
5.34031
5.53321
5.71741
5.89314
6.05590
6.20881
6.34664
6.47142
6.58011
6.67167
6.74751
6.80475
6.84246
6.86157
6.86060
6.83965
6.79878
6.73869
6.65923
6.55875
6.43784
6.29962
6.14257
5.96993
5.78193
5.57819
5.35986
5.12738
4.88378
4.63259
4.37151
4.10022
3.82371
3.54127
3.25275
2.96403
2.67388
2.38644
2.10106
1.81696
1.53800
1.26445
0.99564
0.73126
0.47719
0.22875
-0.01227
-0.24680
-0.47476
-0.69578
-0.91079
-1.12130
-1.32556
-1.52501
-1.72237
-1.91709
-2.10997
-2.30183
-2.49413
-2.68568
-2.87760
-3.07270
-3.26719
-3.46262
-3.65966
-3.85876
-4.05746
-4.25592
-4.45665
-4.65411
-4.85150
-5.04812
-5.24018
-5.42949
-5.61287
-5.79029
-5.96088
-6.12178
-6.27496
-6.42113
-6.55699
-6.68237
-6.79692
-6.90141
-6.99408
-7.07470
-7.14653
-7.20842
-7.25747
-7.29626
-7.32438
-7.34389
-7.35066
-7.35029
-7.34205
-7.32457
-7.29828
-7.26289
-7.22173
-7.17024
-7.10928
-7.03972
-6.95876
-6.86957
-6.76943
-6.65726
-6.53587
-6.40243
-6.25594
-6.09628
-5.92655
-5.74468
-5.54839
-5.34217
-5.12520
-4.89436
-4.65399
-4.40153
-4.14035
-3.87180
-3.59690
-3.31737
-3.03427
-2.74851
-2.46191
-2.17771
-1.89584
-1.62052
-1.35184
-1.09136
-0.83816
-0.59735
-0.36934
-0.15354
0.04787
0.23417
0.40336
0.55700
0.69211
0.81210
0.91781
1.00662
1.08114
1.14315
1.19093
1.23196
1.26406
1.29000
1.31472
1.34033
1.36590
1.39755
1.43552
1.48342
1.54139
1.61603
1.70264
1.80600
1.92338
2.05865
2.20914
2.37447
2.55312
2.74686
2.95462
3.17110
3.39707
3.62923
3.86782
4.10914
4.35188
4.59003
4.82623
5.05531
5.27681
5.48739
5.68483
5.87223
6.04363
6.19990
6.33922
6.45912
6.55956
6.64087
6.69947
6.73948
6.75657
6.75156
6.72368
6.67244
6.60093
6.50798
6.39080
6.25346
6.09403
5.91486
5.71493
5.49413
5.25474
4.99925
4.72451
4.43554
4.13068
3.81070
3.47993
3.13836
2.78462
2.42215
2.05330
1.67808
1.29830
0.91346
0.52677
0.14136
-0.24391
-0.62623
-1.00736
-1.38286
-1.75432
-2.11933
-2.47532
-2.82391
-3.16079
-3.48881
-3.80622
-4.10888
-4.40304
-4.68167
-4.94756
-5.19968
-5.43713
-5.65908
-5.86935
-6.06229
-6.24332
-6.40625
-6.55605
-6.69025
-6.81023
-6.91469
-7.00336
-7.07935
-7.13968
-7.18730
-7.22175
-7.24495
-7.25647
-7.25667
-7.24653
-7.23061
-7.20642
-7.17772
-7.14239
-7.10267
-7.06055
-7.01514
-6.96789
-6.91947
-6.87012
-6.81910
-6.76788
-6.71214
-6.65509
-6.59646
-6.53395
-6.47010
-6.40056
-6.32755
-6.24524
-6.15619
-6.05866
-5.95132
-5.83391
-5.70391
-5.56294
-5.40716
-5.23688
-5.04955
-4.84790
-4.62811
-4.39219
-4.13981
-3.87165
-3.58547
-3.28284
-2.96726
-2.63713
-2.29385
-1.94061
-1.57760
-1.20615
-0.82839
-0.44557
-0.06096
0.32288
0.70624
1.07980
1.44973
1.80835
2.15754
2.48803
2.80536
3.10105
3.37715
3.63162
3.86527
4.07348
4.25852
4.41828
4.55449
4.66908
4.76065
4.83269
4.88481
4.92081
4.93898
4.94444
4.94039
4.92915
4.91185
4.89367
4.87439
4.85376
4.84073
4.83212
4.83410
4.84592
4.87052
4.90608
4.95530
5.02007
5.09955
5.19504
5.30501
5.42850
5.56418
5.70973
5.86511
6.03047
6.20201
6.37926
6.56009
6.74150
6.91983
7.09546
7.26551
7.42757
7.58087
7.72342
7.85248
7.96696
8.06549
8.14534
8.20443
8.24031
8.25267
8.24075
8.20355
8.13652
8.04058
7.91350
7.75612
7.56572
7.34495
7.09027
6.80610
6.48801
6.14190
5.76545
5.36098
4.93308
4.48126
4.00720
3.51601
3.00679
2.48645
1.95704
1.41591
0.87133
0.32331
-0.22589
-0.77422
-1.31714
-1.85485
-2.38364
-2.90461
-3.41295
-3.90917
-4.39199
-4.85921
-5.30907
-5.73981
-6.15090
-6.54302
-6.91223
-7.25842
-7.58338
-7.88452
-8.16006
-8.41593
-8.64464
-8.85179
-9.03218
-9.18939
-9.32369
-9.43665
-9.52742
-9.59907
-9.64929
-9.68036
-9.69612
-9.69613
-9.68184
-9.65673
-9.61829
-9.57041
-9.51415
-9.44996
-9.38174
-9.30933
-9.23436
-9.15965
-9.08273
-9.00663
-8.93125
-8.85818
-8.78475
-8.71419
-8.64366
-8.57509
-8.50711
-8.44019
-8.36879
-8.29736
-8.22256
-8.13952
-8.05036
-7.95232
-7.84392
-7.72112
-7.58207
-7.42589
-7.25126
-7.05375
-6.83374
-6.59057
-6.32379
-6.03040
-5.71340
-5.37231
-5.00828
-4.62410
-4.22253
-3.80314
-3.37118
-2.92544
-2.47417
-2.01800
-1.55960
-1.10196
-0.64906
-0.20231
0.23770
0.66289
1.07628
1.47420
1.85584
2.22248
2.57107
2.90462
3.22038
3.51921
3.80182
4.07025
4.32290
4.56145
4.78565
4.99607
5.19389
5.37911
5.55493
5.72019
5.87836
6.02496
6.16556
6.29986
6.42925
6.55434
6.67515
6.79413
6.91134
7.02702
7.14424
7.26273
7.38456
7.50859
7.63638
7.77015
7.90681
8.05136
8.19996
8.35435
8.51494
8.67985
8.85149
9.02688
9.20471
9.38446
9.56364
9.74520
9.92293
10.09864
10.26720
10.42807
10.57902
10.71755
10.84018
10.94558
11.03046
11.09226
11.13002
11.13785
11.11743
11.06646
10.98450
10.86665
10.71812
10.53518
10.32029
10.07161
9.79417
9.48629
9.15252
8.79242
8.40947
8.00403
7.58099
7.14181
6.68653
6.21987
5.74270
5.25634
4.76172
4.26248
3.76021
3.25230
2.74720
2.24179
1.73811
1.23633
0.74093
0.25474
-0.22444
-0.69350
-1.14984
-1.59306
-2.02167
-2.43286
-2.82719
-3.20338
-3.56057
-3.89949
-4.22032
-4.52275
-4.80692
-5.07199
-5.31922
-5.54950
-5.76263
-5.95989
-6.14535
-6.31313
-6.46933
-6.61221
-6.74217
-6.86112
-6.96741
-7.06297
-7.14490
-7.21461
-7.27240
-7.32163
-7.35894
-7.38423
-7.39986
-7.40662
-7.40286
-7.39617
-7.38013
-7.35974
-7.33524
-7.30816
-7.27776
-7.24608
-7.21065
-7.17686
-7.14190
-7.10747
-7.06952
-7.02968
-6.98776
-6.93996
-6.88910
-6.83173
-6.76846
-6.69862
-6.61815
-6.52713
-6.42433
-6.30720
-6.17603
-6.02957
-5.86359
-5.68037
-5.47742
-5.25270
-5.00446
-4.73447
-4.44071
-4.12480
