
0.00000
0.00000
0.02626
0.16489
0.40501
0.67161
0.89109
1.03125
1.11617
1.20130
1.32938
1.50466
1.69707
1.87009
2.00559
2.11157
2.21072
2.32465
2.45807
2.59931
2.72634
2.83063
2.91867
3.00509
3.10300
3.20960
3.30742
3.38451
3.44627
3.50512
3.57026
3.64017
3.70613
3.75938
3.79433
3.81646
3.83877
3.86956
3.90123
3.92375
3.93068
3.92526
3.91444
3.90062
3.88529
3.87011
3.85261
3.82326
3.77972
3.72644
3.67177
3.61629
3.55900
3.50003
3.43340
3.35661
3.26859
3.17373
3.07950
2.98778
2.89628
2.79887
2.69007
2.57107
2.44664
2.32279
2.20396
2.08445
1.95937
1.82432
1.68243
1.53859
1.39744
1.25829
1.12078
0.97934
0.83293
0.67975
0.52384
0.37099
0.22446
0.08083
-0.06676
-0.22002
-0.37736
-0.53208
-0.68049
-0.82344
-0.96393
-1.10640
-1.25302
-1.40078
-1.54328
-1.68014
-1.81044
-1.93710
-2.06376
-2.19163
-2.31879
-2.43931
-2.55300
-2.66226
-2.76703
-2.86797
-2.96749
-3.06510
-3.15597
-3.23941
-3.31747
-3.39116
-3.46090
-3.52814
-3.59023
-3.64492
-3.69259
-3.73374
-3.77045
-3.80572
-3.83658
-3.86194
-3.87953
-3.88970
-3.89504
-3.89766
-3.89302
-3.88253
-3.86776
-3.84962
-3.82447
-3.79207
-3.75443
-3.71384
-3.67011
-3.61980
-3.56218
-3.49946
-3.43303
-3.36177
-3.28590
-3.20506
-3.11860
-3.02784
-2.93457
-2.83641
-2.73434
-2.62818
-2.51815
-2.40565
-2.28733
-2.16483
-2.03911
-1.91485
-1.78822
-1.65747
-1.52223
-1.38414
-1.24484
-1.10404
-0.96267
-0.82141
-0.67932
-0.53479
-0.38751
-0.23733
-0.09006
0.05378
0.19636
0.34131
0.48706
0.63429
0.78014
0.92357
1.06455
1.20193
1.33890
1.47367
1.60885
1.74423
1.87691
2.00358
2.12418
2.24025
2.35880
2.47965
2.59734
2.70731
2.81070
2.90951
3.00639
3.10077
3.19231
3.28074
3.36391
3.44144
3.51298
3.58037
3.64307
3.70190
3.75445
3.80250
3.84452
3.88248
3.91477
3.94228
3.96380
3.97919
3.98924
3.99292
3.98964
3.98085
3.96641
3.94837
3.92493
3.89637
3.85909
3.81466
3.76525
3.71193
3.65239
3.58698
3.51850
3.44361
3.36228
3.27552
3.18463
3.08925
2.99031
2.88740
2.77908
2.66711
2.54908
2.42689
2.30420
2.17961
2.05037
1.91692
1.78064
1.64339
1.50468
1.36370
1.22174
1.07714
0.92963
0.78097
0.63336
0.48690
0.33958
0.19061
0.04022
-0.11121
-0.26020
-0.40584
-0.54958
-0.69302
-0.83658
-0.98248
-1.12638
-1.26605
-1.40071
-1.53176
-1.65951
-1.78769
-1.91580
-2.04318
-2.16569
-2.28128
-2.38953
-2.49547
-2.60284
-2.70786
-2.80888
-2.90387
-2.99352
-3.07640
-3.15619
-3.23295
-3.30693
-3.37664
-3.44124
-3.49887
-3.54982
-3.59479
-3.63750
-3.67598
-3.71042
-3.74054
-3.76346
-3.77865
-3.78811
-3.79383
-3.79550
-3.79226
-3.78388
-3.77026
-3.74997
-3.72387
-3.69423
-3.65987
-3.62119
-3.57723
-3.52659
-3.47036
-3.40975
-3.34363
-3.27601
-3.20503
-3.13059
-3.04798
-2.95897
-2.86488
-2.76908
-2.67068
-2.57003
-2.46590
-2.35816
-2.24504
-2.12684
-2.00590
-1.88432
-1.76248
-1.63922
-1.51098
-1.37859
-1.24435
-1.11004
-0.97639
-0.84051
-0.70417
-0.56533
-0.42626
-0.28706
-0.14839
-0.00943
0.12991
0.27141
0.41212
0.55049
0.68711
0.82205
0.95792
1.09387
1.22832
1.36213
1.49373
1.62201
1.74798
1.87169
1.99480
2.11530
2.23371
2.35074
2.46562
2.57519
2.67989
2.78125
2.88111
2.97648
3.06893
3.15874
3.24467
3.32386
3.39829
3.46822
3.53483
3.59554
3.65098
3.70242
3.74857
3.78916
3.82405
3.85195
3.87350
3.88992
3.90040
3.90559
3.90454
3.89833
3.88577
3.86473
3.83526
3.80158
3.76309
3.72101
3.67358
3.61848
3.55757
3.48680
3.41363
3.33753
3.25720
3.17156
3.08086
2.98326
2.88147
2.77655
2.66903
2.55771
2.44231
2.32248
2.19872
2.07317
1.94699
1.81868
1.68744
1.55249
1.41500
1.27677
1.13905
1.00007
0.86023
0.71888
0.57530
0.43178
0.28648
0.14290
0.00258
-0.13707
-0.27783
-0.41937
-0.56220
-0.70325
-0.84243
-0.97767
-1.11107
-1.24429
-1.37596
-1.50673
-1.63515
-1.76056
-1.88285
-2.00134
-2.11814
-2.23244
-2.34346
-2.44998
-2.55255
-2.65501
-2.75478
-2.84975
-2.93743
-3.02050
-3.09962
-3.17695
-3.25237
-3.32514
-3.39026
-3.44778
-3.49849
-3.54706
-3.59332
-3.63591
-3.67389
-3.70568
-3.73065
-3.74742
-3.75945
-3.76911
-3.77701
-3.77997
-3.77423
-3.76167
-3.74294
-3.72042
-3.69509
-3.66543
-3.63155
-3.58951
-3.54088
-3.48611
-3.42841
-3.36770
-3.30324
-3.23258
-3.15565
-3.07524
-2.98838
-2.89728
-2.80397
-2.70608
-2.60494
-2.49875
-2.38981
-2.27766
-2.16228
-2.04271
-1.92150
-1.79800
-1.67161
-1.54143
-1.40996
-1.27809
-1.14533
-1.00970
-0.87362
-0.73484
-0.59742
-0.45913
-0.32260
-0.18724
-0.05040
0.08843
0.22871
0.36700
0.50322
0.63702
0.76937
0.90141
1.03214
1.16475
1.29861
1.42973
1.55698
1.67912
1.79922
1.91783
2.03777
2.15745
2.27650
2.39270
2.50261
2.60796
2.71078
2.81230
2.91322
3.01057
3.10427
3.19227
3.27517
3.35345
3.42808
3.49877
3.56558
3.62651
3.68107
3.72930
3.77240
3.81116
3.84432
3.87220
3.89321
3.90500
3.90892
3.90865
3.90479
3.89476
3.87700
3.85212
3.82108
3.78263
3.74037
3.69072
3.63603
3.57371
3.50544
3.43274
3.35740
3.27686
3.19134
3.09918
3.00232
2.89792
2.79061
2.67983
2.56863
2.45312
2.33505
2.21189
2.08341
1.95209
1.81982
1.68592
1.55183
1.41621
1.27721
1.13513
0.99259
0.85045
0.70789
0.56268
0.41888
0.27502
0.13108
-0.01190
-0.15449
-0.29622
-0.43817
-0.57787
-0.71745
-0.85592
-0.99190
-1.12490
-1.25644
-1.38786
-1.51764
-1.64564
-1.77171
-1.89328
-2.01113
-2.12634
-2.23996
-2.35309
-2.46282
-2.56990
-2.67242
-2.76875
-2.86122
-2.95083
-3.04066
-3.12640
-3.20753
-3.28202
-3.35221
-3.41774
-3.48026
-3.53871
-3.59449
-3.64659
-3.69039
-3.72792
-3.75993
-3.78969
-3.81723
-3.84013
-3.85636
-3.86369
-3.86500
-3.86275
-3.85714
-3.84765
-3.83338
-3.81184
-3.78337
-3.74868
-3.71015
-3.66688
-3.61889
-3.56520
-3.50705
-3.44308
-3.37316
-3.29732
-3.21904
-3.13750
-3.05056
-2.95789
-2.86085
-2.75925
-2.65368
-2.54385
-2.43189
-2.31754
-2.19932
-2.07575
-1.94893
-1.82159
-1.69210
-1.56120
-1.42886
-1.29228
-1.15273
-1.01132
-0.87105
-0.73183
-0.59234
-0.44996
-0.30653
-0.16254
-0.01951
0.12187
0.26242
0.40321
0.54335
0.68281
0.82082
0.95785
1.09217
1.22320
1.35396
1.48507
1.61433
1.74180
1.86698
1.98722
2.10263
2.21521
2.32862
2.44252
2.55168
2.65640
2.75618
2.85166
2.94340
3.03226
3.11907
3.20282
3.28025
3.35230
3.42044
3.48395
3.54183
3.59352
3.64213
3.68588
3.72556
3.76028
3.78787
3.80900
3.82328
3.83251
3.83749
3.83751
3.83163
3.81955
3.80039
3.77487
3.74210
3.70375
3.65988
3.61288
3.56002
3.50013
3.43259
3.35964
3.28153
3.19781
3.10988
3.01760
2.92018
2.81743
2.70909
2.59758
2.48300
2.36330
2.23735
2.10858
1.97811
1.84606
1.71145
1.57415
1.43486
1.29310
1.14844
1.00325
0.85817
0.71140
0.56338
0.41548
0.26893
0.12229
-0.02693
-0.17652
-0.32412
-0.46851
-0.61159
-0.75560
-0.89902
-1.04329
-1.18644
-1.32658
-1.46365
-1.59715
-1.72976
-1.86245
-1.99269
-2.12127
-2.24690
-2.36987
-2.48927
-2.60289
-2.71438
-2.82565
-2.93354
-3.03740
-3.13443
-3.22806
-3.31834
-3.40575
-3.48892
-3.56764
-3.64136
-3.70990
-3.77092
-3.82722
-3.88072
-3.93093
-3.97449
-4.01097
-4.04123
-4.06556
-4.08357
-4.09694
-4.10519
-4.10831
-4.10358
-4.09197
-4.07440
-4.05225
-4.02462
-3.99005
-3.94958
-3.90303
-3.85080
-3.79199
-3.72908
-3.66117
-3.58847
-3.50888
-3.42343
-3.33166
-3.23507
-3.13686
-3.03512
-2.92802
-2.81556
-2.69840
-2.57742
-2.45395
-2.32788
-2.19865
-2.06573
-1.92982
-1.78994
-1.64669
-1.50154
-1.35583
-1.21043
-1.06291
-0.91231
-0.75895
-0.60383
-0.44922
-0.29427
-0.14008
0.01300
0.16640
0.31944
0.47266
0.62548
0.77805
0.92858
1.07691
1.22257
1.36658
1.50840
1.64795
1.78562
1.92083
2.05293
2.18237
2.30809
2.42981
2.54780
2.66239
2.77347
2.88051
2.98417
3.08590
3.18157
3.27234
3.35944
3.44240
3.52108
3.59430
3.66381
3.72794
3.78688
3.84163
3.88951
3.93171
3.96855
4.00011
4.02748
4.04934
4.06458
4.07133
4.07239
4.06696
4.05823
4.04396
4.02149
3.99208
3.95589
3.91332
3.86533
3.81138
3.75184
3.68622
3.61272
3.53416
3.45066
3.36345
3.27243
3.17538
3.07164
2.96286
2.84862
2.73153
2.61361
2.49362
2.36960
2.23931
2.10681
1.97001
1.83191
1.69235
1.55177
1.40943
1.26492
1.12007
0.97351
0.82450
0.67410
0.52473
0.37460
0.22531
0.07659
-0.07158
-0.22095
-0.36982
-0.51994
-0.66900
-0.81610
-0.95880
-1.10143
-1.24344
-1.38464
-1.52530
-1.66334
-1.79718
-1.92774
-2.05701
-2.18539
-2.31225
-2.43585
-2.55374
-2.66738
-2.77739
-2.88644
-2.99388
-3.09778
-3.19483
-3.28458
-3.36881
-3.45017
-3.52865
-3.60599
-3.67735
-3.74147
-3.79690
-3.84455
-3.88634
-3.92607
-3.96409
-3.99560
-4.01857
-4.03261
-4.03868
-4.03911
-4.03544
-4.02797
-4.01629
-3.99731
-3.96847
-3.93299
-3.89241
-3.84912
-3.80104
-3.74556
-3.68415
-3.61638
-3.54361
-3.46790
-3.38797
-3.30311
-3.21229
-3.11515
-3.01393
-2.90950
-2.80254
-2.69211
-2.57840
-2.45918
-2.33446
-2.20610
-2.07635
-1.94616
-1.81389
-1.67882
-1.53948
-1.39687
-1.25281
-1.10712
-0.96033
-0.81425
-0.66639
-0.51735
-0.36573
-0.21430
-0.06310
0.08673
0.23747
0.38715
0.53610
0.68413
0.83185
0.97852
1.12419
1.26779
1.40967
1.55007
1.68955
1.82682
1.96070
2.09218
2.21994
2.34772
2.47441
2.59733
2.71549
2.83020
2.94262
3.05191
3.15644
3.25788
3.35627
3.45076
3.54063
3.62448
3.70375
3.77883
3.84812
3.91378
3.97369
4.02682
4.07316
4.11325
4.14886
4.17921
4.20182
4.21747
4.22636
4.22967
4.22731
4.21761
4.20073
4.17716
4.14764
4.11157
4.06941
4.02079
3.96576
3.90442
3.83737
3.76435
3.68538
3.60180
3.51216
3.41697
3.31934
3.21618
3.10793
2.99419
2.87731
2.75755
2.63511
2.50951
2.37967
2.24640
2.10980
1.97127
1.83253
1.69210
1.54877
1.40443
1.25839
1.11169
0.96373
0.81663
0.66755
0.51864
0.36781
0.21802
0.06894
-0.07816
-0.22516
-0.37082
-0.51499
-0.65956
-0.80451
-0.94826
-1.08688
-1.22246
-1.35662
-1.49062
-1.62340
-1.75477
-1.88274
-2.00706
-2.12803
-2.24860
-2.36566
-2.48069
-2.59301
-2.70277
-2.80745
-2.90733
-3.00380
-3.09685
-3.18798
-3.27455
-3.35725
-3.43336
-3.50434
-3.57057
-3.63184
-3.69012
-3.74289
-3.78768
-3.82734
-3.86055
-3.88952
-3.91334
-3.93153
-3.94234
-3.94640
-3.94445
-3.93891
-3.92771
-3.91077
-3.88770
-3.85887
-3.82262
-3.78116
-3.73570
-3.68652
-3.63169
-3.57163
-3.50625
-3.43388
-3.35682
-3.27586
-3.19155
-3.10441
-3.01197
-2.91395
-2.80988
-2.70148
-2.58911
-2.47684
-2.36095
-2.24012
-2.11448
-1.98490
-1.85287
-1.71784
-1.58197
-1.44389
-1.30408
-1.16241
-1.01769
-0.87104
-0.72243
-0.57452
-0.42622
-0.27761
-0.12870
0.02021
0.17029
0.31803
0.46431
0.61113
0.75843
0.90475
1.04758
1.18753
1.32560
1.46163
1.59663
1.73142
1.86288
1.99129
2.11714
2.23927
2.35952
2.47813
2.59553
2.70910
2.81977
2.92881
3.03491
3.13804
3.23765
3.33364
3.42618
3.51540
3.60182
3.68488
3.76451
3.84117
3.91197
3.97563
4.03395
4.08846
4.13848
4.18291
4.22059
4.25063
4.27252
4.28785
4.29745
4.29983
4.29501
4.28031
4.25700
4.22713
4.19130
4.14869
4.09863
4.04048
3.97397
3.89969
3.81856
3.73276
3.64197
3.54692
3.44454
3.33559
3.21962
3.09824
2.97360
2.84669
2.71640
2.58195
2.44167
2.29634
2.14959
2.00150
1.85215
1.70172
1.54813
1.39014
1.23000
1.07141
0.91534
0.75986
0.60368
0.44503
0.28503
0.12553
-0.03171
-0.18438
-0.33450
-0.48278
-0.63245
-0.78140
-0.92841
-1.07053
-1.20789
-1.34055
-1.47240
-1.60491
-1.73519
-1.86055
-1.98085
-2.09757
-2.21128
-2.32394
-2.43474
-2.54117
-2.64347
-2.74122
-2.83570
-2.92650
-3.01510
-3.10076
-3.18179
-3.25719
-3.32859
-3.39569
-3.45865
-3.51842
-3.57450
-3.62495
-3.66908
-3.70798
-3.74320
-3.77585
-3.80410
-3.82670
-3.84315
-3.85483
-3.86149
-3.86367
-3.86322
-3.85917
-3.84909
-3.83195
-3.80833
-3.78067
-3.75025
-3.71649
-3.67676
-3.63166
-3.58048
-3.52340
-3.46139
-3.39398
-3.32256
-3.24514
-3.16421
-3.07655
-2.98488
-2.88808
-2.78528
-2.67756
-2.56518
-2.44934
-2.33027
-2.20779
-2.08141
-1.94986
-1.81280
-1.67325
-1.53279
-1.39343
-1.25078
-1.10686
-0.95858
-0.80804
-0.65679
-0.50650
-0.35809
-0.21137
-0.06539
0.08362
0.23239
0.37922
0.52361
0.66619
0.80692
0.94503
1.08175
1.21614
1.34779
1.47753
1.60538
1.73171
1.85465
1.97372
2.08956
2.20311
2.31424
2.42454
2.53182
2.63654
2.73775
2.83622
2.93094
3.02492
3.11619
3.20389
3.28618
3.36538
3.44347
3.51951
3.59177
3.65826
3.71974
3.77624
3.82814
3.87713
3.92231
3.96157
3.99402
4.01931
4.03857
4.05215
4.06084
4.06377
4.06101
4.04867
4.02756
3.99869
3.96438
3.92513
3.87925
3.82450
3.76083
3.68972
3.61093
3.52645
3.43699
3.34052
3.23737
3.12702
3.01030
2.88868
2.76304
2.63249
2.49801
2.35729
2.21256
2.06445
1.91388
1.76188
1.60767
1.45150
1.29268
1.13219
0.97109
0.81020
0.64982
0.49273
0.33305
0.17288
0.01444
-0.14062
-0.29184
-0.44102
-0.59087
-0.73683
-0.88158
-1.02198
-1.15933
-1.29405
-1.42656
-1.55503
-1.68028
-1.80160
-1.92037
-2.03552
-2.14705
-2.25430
-2.35623
-2.45638
-2.55300
-2.64562
-2.73392
-2.81857
-2.89884
-2.97667
-3.04993
-3.11914
-3.18454
-3.24665
-3.30592
-3.36015
-3.41079
-3.45845
-3.50292
-3.54362
-3.57926
-3.61047
-3.63607
-3.65792
-3.67715
-3.69342
-3.70590
-3.71306
-3.71489
-3.70961
-3.69911
-3.68665
-3.67124
-3.65193
-3.62572
-3.59220
-3.55368
-3.51099
-3.46390
-3.41328
-3.35636
-3.29335
-3.22437
-3.14962
-3.07033
-2.98727
-2.89940
-2.80535
-2.70672
-2.60424
-2.49629
-2.38542
-2.26959
-2.14786
-2.02204
-1.89035
-1.75833
-1.62381
-1.48699
-1.34673
-1.20393
-1.05753
-0.90937
-0.76145
-0.61381
-0.46738
-0.32071
-0.17284
-0.02373
0.12400
0.26740
0.41019
0.55112
0.69173
0.83057
0.96711
1.10177
1.23404
1.36380
1.49225
1.61805
1.74179
1.86349
1.98276
2.10007
2.21504
2.32771
2.43833
2.54532
2.65025
2.75207
2.85040
2.94479
3.03629
3.12441
3.20955
3.28998
3.36616
3.43761
3.50494
3.56867
3.62842
3.68323
3.73153
3.77429
3.81182
3.84554
3.87420
3.89796
3.91598
3.92759
3.93319
3.93098
3.92170
3.90697
3.88623
3.86180
3.83248
3.79520
3.74909
3.69549
3.63466
3.57007
3.50043
3.42638
3.34426
3.25463
3.15795
3.05569
2.95060
2.84161
2.72794
2.60730
2.48019
2.34765
2.21231
2.07559
1.93834
1.79640
1.65039
1.49885
1.34593
1.19240
1.04104
0.88849
0.73489
0.57901
0.41995
0.26175
0.10566
-0.04607
-0.19618
-0.34705
-0.49909
-0.65104
-0.80085
-0.94646
-1.08913
-1.22935
-1.36658
-1.50362
-1.63771
-1.76879
-1.89485
-2.01665
-2.13556
-2.25147
-2.36462
-2.47542
-2.58104
-2.68188
-2.77828
-2.87240
-2.96220
-3.04920
-3.13241
-3.21336
-3.29093
-3.36256
-3.43011
-3.49291
-3.55325
-3.61193
-3.66525
-3.71415
-3.75642
-3.79382
-3.82863
-3.86132
-3.89085
-3.91503
-3.93201
-3.94273
-3.94728
-3.94899
-3.94695
-3.94288
-3.93292
-3.91541
-3.88952
-3.85722
-3.82376
-3.78690
-3.74514
-3.69645
-3.64089
-3.57865
-3.51273
-3.44345
-3.36984
-3.29119
-3.20700
-3.11663
-3.02041
-2.92002
-2.81645
-2.70930
-2.59873
-2.48161
-2.35843
-2.23136
-2.10176
-1.97078
-1.83715
-1.69763
-1.55353
-1.40736
-1.25985
-1.11120
-0.95880
-0.80491
-0.64947
-0.49219
-0.33437
-0.17727
-0.02193
0.13429
0.29052
0.44638
0.60024
0.75300
0.90159
1.04708
1.18805
1.32843
