
0.00000
0.00000
0.00005
-0.00005
-0.00028
-0.00074
-0.00157
-0.00279
-0.00445
-0.00632
-0.00836
-0.01044
-0.01253
-0.01481
-0.01726
-0.01992
-0.02287
-0.02601
-0.02933
-0.03265
-0.03592
-0.03914
-0.04247
-0.04599
-0.04964
-0.05340
-0.05714
-0.06082
-0.06442
-0.06803
-0.07165
-0.07531
-0.07903
-0.08278
-0.08647
-0.09003
-0.09346
-0.09688
-0.10035
-0.10377
-0.10726
-0.11058
-0.11379
-0.11689
-0.11984
-0.12280
-0.12573
-0.12859
-0.13132
-0.13384
-0.13625
-0.13850
-0.14075
-0.14291
-0.14494
-0.14677
-0.14842
-0.14988
-0.15124
-0.15251
-0.15359
-0.15455
-0.15526
-0.15578
-0.15612
-0.15634
-0.15636
-0.15620
-0.15594
-0.15537
-0.15462
-0.15362
-0.15248
-0.15123
-0.14968
-0.14793
-0.14592
-0.14375
-0.14132
-0.13876
-0.13598
-0.13300
-0.12975
-0.12632
-0.12260
-0.11871
-0.11462
-0.11035
-0.10592
-0.10126
-0.09640
-0.09142
-0.08622
-0.08096
-0.07549
-0.06993
-0.06415
-0.05817
-0.05205
-0.04582
-0.03947
-0.03297
-0.02632
-0.01953
-0.01263
-0.00560
0.00153
0.00866
0.01587
0.02305
0.03030
0.03754
0.04479
0.05200
0.05914
0.06619
0.07318
0.08005
0.08682
0.09342
0.09984
0.10603
0.11207
0.11791
0.12364
0.12909
0.13435
0.13934
0.14415
0.14861
0.15292
0.15695
0.16077
0.16434
0.16759
0.17058
0.17334
0.17588
0.17818
0.18028
0.18209
0.18368
0.18496
0.18602
0.18684
0.18748
0.18778
0.18791
0.18775
0.18737
0.18668
0.18577
0.18461
0.18318
0.18149
0.17949
0.17721
0.17466
0.17184
0.16872
0.16541
0.16183
0.15801
0.15388
0.14958
0.14500
0.14024
0.13524
0.13004
0.12466
0.11910
0.11335
0.10746
0.10145
0.09528
0.08897
0.08265
0.07614
0.06959
0.06295
0.05623
0.04949
0.04269
0.03594
0.02920
0.02244
0.01574
0.00912
0.00253
-0.00402
-0.01043
-0.01682
-0.02296
-0.02905
-0.03497
-0.04074
-0.04635
-0.05181
-0.05709
-0.06228
-0.06734
-0.07225
-0.07701
-0.08173
-0.08625
-0.09068
-0.09496
-0.09921
-0.10331
-0.10733
-0.11120
-0.11500
-0.11864
-0.12214
-0.12555
-0.12881
-0.13195
-0.13497
-0.13789
-0.14056
-0.14318
-0.14557
-0.14785
-0.14997
-0.15193
-0.15375
-0.15531
-0.15673
-0.15794
-0.15899
-0.15981
-0.16043
-0.16086
-0.16107
-0.16108
-0.16080
-0.16035
-0.15964
-0.15871
-0.15752
-0.15610
-0.15439
-0.15244
-0.15021
-0.14775
-0.14501
-0.14206
-0.13883
-0.13529
-0.13155
-0.12750
-0.12326
-0.11873
-0.11403
-0.10901
-0.10377
-0.09834
-0.09272
-0.08686
-0.08083
-0.07455
-0.06819
-0.06165
-0.05491
-0.04804
-0.04108
-0.03402
-0.02682
-0.01952
-0.01220
-0.00485
0.00251
0.00992
0.01739
0.02487
0.03240
0.03983
0.04724
0.05465
0.06192
0.06920
0.07635
0.08344
0.09041
0.09723
0.10392
0.11044
0.11681
0.12299
0.12904
0.13482
0.14040
0.14576
0.15085
0.15572
0.16029
0.16464
0.16873
0.17246
0.17594
0.17921
0.18211
0.18475
0.18712
0.18919
0.19100
0.19244
0.19362
0.19448
0.19515
0.19545
0.19545
0.19513
0.19447
0.19354
0.19231
0.19073
0.18890
0.18673
0.18427
0.18150
0.17836
0.17499
0.17129
0.16731
0.16311
0.15859
0.15382
0.14870
0.14341
0.13784
0.13204
0.12602
0.11989
0.11352
0.10701
0.10036
0.09354
0.08670
0.07980
0.07279
0.06570
0.05857
0.05144
0.04430
0.03717
0.03007
0.02299
0.01605
0.00914
0.00226
-0.00450
-0.01118
-0.01768
-0.02407
-0.03031
-0.03648
-0.04245
-0.04830
-0.05396
-0.05950
-0.06489
-0.07014
-0.07527
-0.08015
-0.08497
-0.08958
-0.09407
-0.09843
-0.10264
-0.10681
-0.11086
-0.11480
-0.11867
-0.12247
-0.12623
-0.12988
-0.13349
-0.13701
-0.14046
-0.14384
-0.14711
-0.15033
-0.15341
-0.15630
-0.15912
-0.16177
-0.16426
-0.16653
-0.16867
-0.17055
-0.17225
-0.17370
-0.17489
-0.17583
-0.17651
-0.17691
-0.17705
-0.17687
-0.17636
-0.17559
-0.17451
-0.17312
-0.17140
-0.16938
-0.16705
-0.16444
-0.16148
-0.15823
-0.15470
-0.15093
-0.14690
-0.14261
-0.13801
-0.13324
-0.12824
-0.12299
-0.11748
-0.11189
-0.10603
-0.10000
-0.09379
-0.08744
-0.08086
-0.07423
-0.06742
-0.06053
-0.05348
-0.04637
-0.03915
-0.03190
-0.02456
-0.01721
-0.00980
-0.00239
0.00500
0.01241
0.01974
0.02700
0.03428
0.04140
0.04846
0.05542
0.06228
0.06894
0.07557
0.08201
0.08832
0.09443
0.10040
0.10617
0.11176
0.11712
0.12233
0.12728
0.13207
0.13658
0.14089
0.14494
0.14874
0.15231
0.15560
0.15863
0.16139
0.16390
0.16612
0.16808
0.16976
0.17124
0.17248
0.17343
0.17415
0.17466
0.17487
0.17491
0.17468
0.17429
0.17366
0.17280
0.17172
0.17046
0.16896
0.16728
0.16537
0.16326
0.16088
0.15824
0.15537
0.15224
0.14880
0.14513
0.14114
0.13685
0.13228
0.12744
0.12224
0.11675
0.11098
0.10491
0.09860
0.09202
0.08515
0.07811
0.07081
0.06338
0.05578
0.04807
0.04027
0.03245
0.02457
0.01673
0.00898
0.00130
-0.00629
-0.01376
-0.02105
-0.02816
-0.03503
-0.04173
-0.04817
-0.05441
-0.06041
-0.06614
-0.07159
-0.07677
-0.08170
-0.08645
-0.09091
-0.09519
-0.09928
-0.10318
-0.10687
-0.11043
-0.11380
-0.11705
-0.12028
-0.12333
-0.12631
-0.12921
-0.13204
-0.13482
-0.13753
-0.14029
-0.14294
-0.14561
-0.14821
-0.15074
-0.15326
-0.15570
-0.15809
-0.16039
-0.16256
-0.16468
-0.16667
-0.16850
-0.17020
-0.17168
-0.17309
-0.17425
-0.17516
-0.17589
-0.17638
-0.17660
-0.17665
-0.17640
-0.17586
-0.17508
-0.17396
-0.17257
-0.17091
-0.16892
-0.16659
-0.16399
-0.16110
-0.15783
-0.15423
-0.15037
-0.14617
-0.14164
-0.13684
-0.13176
-0.12637
-0.12074
-0.11483
-0.10872
-0.10236
-0.09579
-0.08905
-0.08212
-0.07507
-0.06785
-0.06060
-0.05327
-0.04581
-0.03829
-0.03082
-0.02325
-0.01577
-0.00834
-0.00095
0.00637
0.01360
0.02071
0.02773
0.03458
0.04127
0.04777
0.05413
0.06025
0.06618
0.07192
0.07743
0.08268
0.08779
0.09257
0.09709
0.10138
0.10546
0.10927
0.11279
0.11611
0.11913
0.12195
0.12450
0.12677
0.12887
0.13074
0.13239
0.13386
0.13511
0.13621
0.13711
0.13779
0.13837
0.13872
0.13893
0.13892
0.13873
0.13834
0.13778
0.13706
0.13616
0.13513
0.13397
0.13265
0.13110
0.12947
0.12762
0.12567
0.12352
0.12124
0.11876
0.11611
0.11327
0.11030
0.10715
0.10377
0.10016
0.09641
0.09243
0.08822
0.08383
0.07918
0.07434
0.06935
0.06410
0.05872
0.05310
0.04735
0.04138
0.03531
0.02911
0.02278
0.01633
0.00976
0.00314
-0.00355
-0.01022
-0.01690
-0.02361
-0.03027
-0.03689
-0.04346
-0.04987
-0.05615
-0.06238
-0.06842
-0.07437
-0.08017
-0.08568
-0.09107
-0.09624
-0.10119
-0.10600
-0.11055
-0.11489
-0.11906
-0.12302
-0.12675
-0.13025
-0.13362
-0.13674
-0.13972
-0.14247
-0.14496
-0.14731
-0.14950
-0.15155
-0.15343
-0.15516
-0.15669
-0.15815
-0.15943
-0.16064
-0.16170
-0.16276
-0.16365
-0.16442
-0.16514
-0.16573
-0.16625
-0.16675
-0.16718
-0.16751
-0.16782
-0.16797
-0.16805
-0.16815
-0.16802
-0.16783
-0.16746
-0.16690
-0.16617
-0.16524
-0.16417
-0.16285
-0.16131
-0.15956
-0.15752
-0.15526
-0.15283
-0.15008
-0.14714
-0.14389
-0.14042
-0.13661
-0.13253
-0.12823
-0.12368
-0.11893
-0.11403
-0.10891
-0.10362
-0.09821
-0.09268
-0.08701
-0.08132
-0.07554
-0.06976
-0.06398
-0.05821
-0.05253
-0.04688
-0.04136
-0.03589
-0.03056
-0.02536
-0.02033
-0.01543
-0.01062
-0.00604
-0.00153
0.00285
0.00707
0.01120
0.01519
0.01910
0.02285
0.02654
0.03012
0.03362
0.03702
0.04035
0.04364
0.04686
0.05000
0.05312
0.05617
0.05919
0.06215
0.06500
0.06788
0.07072
0.07349
0.07623
0.07896
0.08163
0.08420
0.08675
0.08920
0.09156
0.09383
0.09609
0.09816
0.10012
0.10201
0.10370
0.10532
0.10673
0.10806
0.10914
0.11009
0.11091
0.11152
0.11195
0.11228
0.11236
0.11229
0.11202
0.11157
0.11090
0.11016
0.10926
0.10819
0.10698
0.10560
0.10408
0.10244
0.10067
0.09867
0.09664
0.09439
0.09203
0.08950
0.08682
0.08399
0.08104
0.07792
0.07463
0.07115
0.06751
0.06370
0.05976
0.05563
0.05133
0.04681
0.04223
0.03749
0.03258
0.02757
0.02243
0.01718
0.01183
0.00654
0.00116
-0.00420
-0.00961
-0.01497
-0.02029
-0.02556
-0.03071
-0.03573
-0.04063
-0.04542
-0.05013
-0.05467
-0.05909
-0.06339
-0.06760
-0.07167
-0.07568
-0.07958
-0.08345
-0.08724
-0.09097
-0.09466
-0.09827
-0.10186
-0.10540
-0.10890
-0.11241
-0.11586
-0.11923
-0.12255
-0.12579
-0.12903
-0.13215
-0.13517
-0.13815
-0.14095
-0.14363
-0.14613
-0.14853
-0.15066
-0.15264
-0.15444
-0.15598
-0.15727
-0.15835
-0.15908
-0.15962
-0.15977
-0.15967
-0.15925
-0.15849
-0.15742
-0.15602
-0.15435
-0.15229
-0.14995
-0.14730
-0.14440
-0.14118
-0.13771
-0.13396
-0.12995
-0.12574
-0.12134
-0.11669
-0.11190
-0.10693
-0.10182
-0.09659
-0.09124
-0.08585
-0.08037
-0.07486
-0.06934
-0.06377
-0.05822
-0.05277
-0.04732
-0.04197
-0.03667
-0.03147
-0.02639
-0.02146
-0.01653
-0.01179
-0.00716
-0.00260
0.00180
0.00619
0.01055
0.01479
0.01906
0.02329
0.02757
0.03184
0.03616
0.04060
0.04505
0.04960
0.05417
0.05891
0.06373
0.06863
0.07359
0.07866
0.08370
0.08878
0.09386
0.09892
0.10391
0.10890
0.11382
0.11865
0.12333
0.12788
0.13226
0.13652
0.14059
0.14443
0.14806
0.15151
0.15464
0.15758
0.16025
0.16265
0.16477
0.16667
0.16821
0.16949
0.17048
0.17120
0.17162
0.17180
0.17170
0.17132
0.17072
0.16975
0.16851
0.16703
0.16524
0.16326
0.16098
0.15838
0.15557
0.15244
0.14913
0.14557
0.14184
0.13781
0.13363
0.12918
0.12464
0.11987
0.11499
0.10999
0.10488
0.09970
0.09444
0.08917
0.08388
0.07855
0.07325
0.06796
0.06273
0.05750
0.05237
0.04734
0.04243
0.03754
0.03280
0.02819
0.02368
0.01921
0.01488
0.01065
0.00646
0.00240
-0.00160
-0.00556
-0.00947
-0.01338
-0.01722
-0.02102
-0.02488
-0.02874
-0.03265
-0.03655
-0.04049
-0.04448
-0.04852
-0.05261
-0.05671
-0.06091
-0.06510
-0.06931
-0.07358
-0.07783
-0.08207
-0.08627
-0.09038
-0.09445
-0.09841
-0.10225
-0.10595
-0.10946
-0.11283
-0.11596
-0.11888
-0.12153
-0.12390
-0.12600
-0.12773
-0.12920
-0.13029
-0.13100
-0.13137
-0.13136
-0.13097
-0.13016
-0.12902
-0.12751
-0.12558
-0.12326
-0.12060
-0.11761
-0.11430
-0.11070
-0.10680
-0.10263
-0.09817
-0.09349
-0.08871
-0.08371
-0.07850
-0.07324
-0.06782
-0.06229
-0.05674
-0.05119
-0.04570
-0.04025
-0.03480
-0.02944
-0.02418
-0.01906
-0.01398
-0.00913
-0.00436
0.00024
0.00473
0.00911
0.01332
0.01746
0.02149
0.02540
0.02921
0.03297
0.03672
0.04041
0.04406
0.04775
0.05145
0.05509
0.05885
0.06256
0.06632
0.07009
0.07389
0.07771
0.08148
0.08534
0.08912
0.09290
0.09666
0.10036
0.10398
0.10749
0.11089
0.11417
0.11722
0.12017
0.12297
0.12560
0.12797
0.13017
0.13217
0.13394
0.13547
0.13684
0.13806
0.13897
0.13973
0.14027
0.14064
0.14076
0.14076
0.14059
0.14028
0.13976
0.13906
0.13829
0.13730
0.13616
0.13482
0.13326
0.13155
0.12963
0.12748
0.12516
0.12261
0.11982
0.11675
0.11351
0.11001
0.10623
0.10231
0.09814
0.09374
0.08913
0.08428
0.07928
0.07416
0.06887
0.06354
0.05812
0.05264
0.04716
0.04170
0.03630
0.03104
0.02589
0.02090
0.01605
0.01146
0.00708
0.00296
-0.00091
-0.00447
-0.00772
-0.01067
-0.01323
-0.01555
-0.01757
-0.01926
-0.02069
-0.02188
-0.02279
-0.02356
-0.02421
-0.02469
-0.02517
-0.02567
-0.02614
-0.02675
-0.02747
-0.02840
-0.02951
-0.03095
-0.03258
-0.03458
-0.03681
-0.03942
-0.04231
-0.04546
-0.04888
-0.05259
-0.05658
-0.06073
-0.06504
-0.06949
-0.07407
-0.07868
-0.08335
-0.08789
-0.09241
-0.09679
-0.10106
-0.10507
-0.10886
-0.11245
-0.11572
-0.11872
-0.12137
-0.12369
-0.12560
-0.12716
-0.12827
-0.12905
-0.12940
-0.12927
-0.12876
-0.12776
-0.12641
-0.12463
-0.12237
-0.11974
-0.11668
-0.11324
-0.10942
-0.10519
-0.10061
-0.09575
-0.09046
-0.08493
-0.07910
-0.07296
-0.06662
-0.06010
-0.05333
-0.04636
-0.03931
-0.03212
-0.02485
-0.01747
-0.01004
-0.00271
0.00467
0.01198
0.01929
0.02648
0.03359
0.04057
0.04741
0.05407
0.06053
0.06682
0.07289
0.07868
0.08432
0.08966
0.09474
0.09958
0.10414
0.10838
0.11241
0.11609
0.11956
0.12267
0.12554
0.12813
0.13043
0.13241
0.13410
0.13556
0.13673
0.13764
0.13830
0.13876
0.13897
0.13898
0.13877
0.13845
0.13800
0.13746
0.13678
0.13603
0.13522
0.13433
0.13344
0.13252
0.13158
0.13057
0.12958
0.12854
0.12744
0.12633
0.12510
0.12389
0.12256
0.12117
0.11960
0.11789
0.11602
0.11397
0.11173
0.10924
0.10653
0.10355
0.10030
0.09670
0.09287
0.08864
0.08409
0.07926
0.07415
0.06868
0.06285
0.05681
0.05051
0.04392
0.03717
0.03021
0.02309
0.01587
0.00855
0.00118
-0.00620
-0.01354
-0.02067
-0.02777
-0.03462
-0.04129
-0.04766
-0.05372
-0.05937
-0.06466
-0.06954
-0.07401
-0.07799
-0.08155
-0.08459
-0.08722
-0.08939
-0.09118
-0.09256
-0.09352
-0.09422
-0.09460
-0.09468
-0.09459
-0.09440
-0.09405
-0.09371
-0.09333
-0.09292
-0.09268
-0.09251
-0.09259
-0.09279
-0.09326
-0.09394
-0.09489
-0.09613
-0.09762
-0.09948
-0.10160
-0.10395
-0.10655
-0.10932
-0.11231
-0.11547
-0.11876
-0.12216
-0.12560
-0.12908
-0.13251
-0.13586
-0.13914
-0.14222
-0.14518
-0.14790
-0.15035
-0.15256
-0.15446
-0.15596
-0.15709
-0.15777
-0.15803
-0.15779
-0.15710
-0.15581
-0.15396
-0.15152
-0.14851
-0.14487
-0.14065
-0.13576
-0.13033
-0.12424
-0.11758
-0.11039
-0.10266
-0.09445
-0.08580
-0.07674
-0.06732
-0.05757
-0.04761
-0.03748
-0.02710
-0.01671
-0.00619
0.00432
0.01483
0.02523
0.03552
0.04565
0.05565
0.06538
0.07487
0.08412
0.09307
0.10167
0.10993
0.11780
0.12529
0.13240
0.13898
0.14522
0.15099
0.15627
0.16117
0.16554
0.16953
0.17297
0.17598
0.17854
0.18070
0.18245
0.18383
0.18478
0.18537
0.18570
0.18568
0.18539
0.18492
0.18420
0.18327
0.18218
0.18096
0.17967
0.17826
0.17683
0.17541
0.17393
0.17246
0.17105
0.16966
0.16822
0.16685
0.16551
0.16420
0.16291
0.16163
0.16027
0.15889
0.15746
0.15587
0.15416
0.15230
0.15021
0.14786
0.14517
0.14219
0.13886
0.13508
0.13086
0.12620
0.12110
0.11549
0.10940
0.10288
0.09589
0.08855
0.08087
0.07283
0.06457
0.05603
0.04736
0.03866
0.02988
0.02110
0.01244
0.00390
-0.00454
-0.01268
-0.02063
-0.02823
-0.03554
-0.04254
-0.04924
-0.05561
-0.06166
-0.06739
-0.07279
-0.07793
-0.08277
-0.08733
-0.09164
-0.09567
-0.09944
-0.10300
-0.10635
-0.10951
-0.11255
-0.11537
-0.11804
-0.12063
-0.12309
-0.12550
-0.12782
-0.13011
-0.13235
-0.13456
-0.13679
-0.13907
-0.14140
-0.14378
-0.14621
-0.14878
-0.15140
-0.15417
-0.15701
-0.15998
-0.16307
-0.16621
-0.16951
-0.17287
-0.17626
-0.17969
-0.18311
-0.18661
-0.18999
-0.19338
-0.19659
-0.19970
-0.20259
-0.20523
-0.20756
-0.20959
-0.21122
-0.21238
-0.21313
-0.21328
-0.21289
-0.21192
-0.21034
-0.20808
-0.20524
-0.20175
-0.19763
-0.19283
-0.18753
-0.18164
-0.17527
-0.16835
-0.16102
-0.15328
-0.14517
-0.13674
-0.12804
-0.11908
-0.10997
-0.10064
-0.09117
-0.08163
-0.07201
-0.06226
-0.05260
-0.04292
-0.03327
-0.02367
-0.01418
-0.00488
0.00431
0.01329
0.02203
0.03050
0.03871
0.04659
0.05414
0.06136
0.06819
0.07468
0.08082
0.08660
0.09206
0.09712
0.10187
0.10627
0.11036
0.11412
0.11768
0.12091
0.12389
0.12663
0.12911
0.13140
0.13342
0.13526
0.13683
0.13814
0.13927
0.14020
0.14092
0.14141
0.14169
0.14183
0.14176
0.14164
0.14131
0.14095
0.14045
0.13994
0.13937
0.13877
0.13808
0.13744
0.13677
0.13609
0.13538
0.13461
0.13383
0.13290
0.13192
0.13083
0.12961
0.12828
0.12673
0.12498
0.12301
0.12079
0.11827
0.11547
0.11228
0.10877
0.10488
0.10058
0.09586
0.09066
0.08505
0.07900
