
0.00000
0.00000
0.02626
0.16356
0.40057
0.66039
0.86899
0.99510
1.06794
1.14496
1.27091
1.44562
1.63176
1.78884
1.90197
1.98482
2.06702
2.17330
2.30532
2.44502
2.56317
2.64873
2.71269
2.77715
2.86189
2.96427
3.06234
3.13534
3.18495
3.22547
3.27258
3.32986
3.39118
3.44166
3.47348
3.48924
3.50080
3.52199
3.54599
3.56316
3.56827
3.56170
3.54912
3.53264
3.51256
3.49459
3.47507
3.44787
3.40551
3.35485
3.30214
3.24921
3.19546
3.14007
3.07816
3.00616
2.92357
2.83571
2.75005
2.66755
2.58419
2.49412
2.39382
2.28540
2.17345
2.06212
1.95512
1.84823
1.73469
1.61258
1.48540
1.35532
1.22944
1.10685
0.98588
0.86018
0.72813
0.59067
0.45113
0.31693
0.19056
0.06715
-0.06177
-0.19812
-0.33744
-0.47442
-0.60418
-0.72700
-0.84702
-0.96980
-1.09875
-1.22980
-1.35673
-1.47640
-1.58850
-1.69742
-1.80663
-1.91911
-2.03189
-2.13919
-2.23842
-2.33341
-2.42389
-2.51202
-2.60012
-2.68707
-2.76884
-2.84206
-2.90869
-2.97190
-3.03292
-3.09333
-3.15033
-3.20004
-3.24277
-3.27878
-3.31093
-3.34167
-3.37022
-3.39536
-3.41388
-3.42552
-3.43344
-3.43758
-3.43546
-3.42934
-3.42018
-3.40691
-3.38681
-3.36075
-3.33092
-3.29947
-3.26474
-3.22442
-3.17618
-3.12354
-3.06801
-3.00711
-2.94315
-2.87511
-2.80304
-2.72583
-2.64527
-2.56003
-2.47113
-2.37897
-2.28599
-2.18946
-2.08879
-1.98239
-1.87220
-1.76345
-1.65386
-1.54097
-1.42358
-1.30347
-1.18193
-1.05959
-0.93628
-0.81352
-0.69009
-0.56343
-0.43326
-0.30191
-0.17225
-0.04458
0.08234
0.21007
0.33945
0.47051
0.60048
0.72998
0.85776
0.98179
1.10459
1.22639
1.34842
1.47191
1.59310
1.70829
1.81716
1.92362
2.03210
2.14168
2.24859
2.34831
2.44150
2.53135
2.61987
2.70665
2.79074
2.87043
2.94492
3.01347
3.07565
3.13442
3.19100
3.24370
3.29176
3.33329
3.36838
3.39835
3.42512
3.44786
3.46473
3.47728
3.48527
3.48730
3.48418
3.47465
3.46059
3.44240
3.41950
3.39244
3.36064
3.32263
3.28166
3.23573
3.18509
3.12933
3.07039
3.00642
2.93846
2.86553
2.78963
2.71045
2.62864
2.54284
2.45193
2.35749
2.25837
2.15708
2.05443
1.94966
1.84303
1.73096
1.61519
1.49781
1.37993
1.26208
1.14302
1.02073
0.89442
0.76610
0.63736
0.51096
0.38580
0.25933
0.12953
-0.00255
-0.13457
-0.26255
-0.38857
-0.51336
-0.63896
-0.76679
-0.89449
-1.02067
-1.14318
-1.26082
-1.37606
-1.49113
-1.60604
-1.72306
-1.83682
-1.94558
-2.04684
-2.14593
-2.24646
-2.34603
-2.44358
-2.53706
-2.62345
-2.70431
-2.78267
-2.85961
-2.93512
-3.00725
-3.07483
-3.13573
-3.18972
-3.23895
-3.28576
-3.33061
-3.37202
-3.40910
-3.43765
-3.45968
-3.47538
-3.48920
-3.50150
-3.50992
-3.51087
-3.50453
-3.49150
-3.47452
-3.45572
-3.43416
-3.40840
-3.37580
-3.33447
-3.28661
-3.23687
-3.18395
-3.12955
-3.07106
-3.00728
-2.93594
-2.85726
-2.77412
-2.69026
-2.60684
-2.52060
-2.42885
-2.33073
-2.22645
-2.11845
-2.00970
-1.90188
-1.79378
-1.68124
-1.56212
-1.43610
-1.30955
-1.18457
-1.06086
-0.93570
-0.80799
-0.67566
-0.54077
-0.40551
-0.27128
-0.13927
-0.00732
0.12753
0.26391
0.40004
0.53479
0.66774
0.79900
0.93014
1.06054
1.19141
1.32092
1.44503
1.56667
1.68577
1.80487
1.92211
2.03663
2.14758
2.25584
2.35918
2.45728
2.55235
2.64683
2.73696
2.82250
2.90453
2.98167
3.05357
3.11963
3.18210
3.24222
3.29728
3.34527
3.38846
3.42604
3.45959
3.48846
3.51301
3.53183
3.54519
3.55365
3.55584
3.55236
3.54353
3.53041
3.51366
3.49032
3.46071
3.42690
3.38904
3.34640
3.29890
3.24489
3.18640
3.12362
3.05794
2.98812
2.91408
2.83466
2.75038
2.66296
2.57319
2.48066
2.38401
2.28161
2.17538
2.06710
1.95768
1.84571
1.73139
1.61313
1.49206
1.36885
1.24522
1.11982
0.99289
0.86520
0.73404
0.60026
0.46644
0.33245
0.19936
0.06703
-0.06470
-0.19872
-0.33457
-0.47109
-0.60514
-0.73711
-0.86674
-0.99421
-1.12195
-1.24968
-1.37495
-1.49924
-1.61979
-1.73608
-1.85063
-1.96265
-2.07298
-2.17998
-2.28229
-2.38138
-2.47811
-2.57128
-2.66155
-2.74782
-2.82964
-2.90663
-2.97899
-3.04839
-3.11488
-3.17778
-3.23556
-3.28677
-3.33309
-3.37508
-3.41280
-3.44753
-3.47869
-3.50352
-3.52229
-3.53441
-3.54148
-3.54629
-3.54713
-3.54187
-3.53147
-3.51536
-3.49351
-3.46648
-3.43586
-3.40095
-3.36203
-3.31668
-3.26507
-3.20870
-3.14930
-3.08509
-3.01668
-2.94398
-2.86769
-2.78696
-2.70214
-2.61213
-2.51954
-2.42322
-2.32382
-2.22026
-2.11348
-2.00597
-1.89540
-1.78185
-1.66519
-1.54603
-1.42586
-1.30339
-1.17972
-1.05447
-0.92706
-0.79750
-0.66710
-0.53619
-0.40481
-0.27366
-0.14334
-0.01362
0.11730
0.25139
0.38552
0.51797
0.64805
0.77547
0.90184
1.02785
1.15433
1.28213
1.40881
1.53095
1.64752
1.76012
1.87125
1.98210
2.09298
2.20282
2.30792
2.40623
2.49928
2.59059
2.67924
2.76591
2.84875
2.92853
3.00108
3.06864
3.13108
3.18880
3.24473
3.29784
3.34520
3.38610
3.42024
3.44894
3.47434
3.49692
3.51529
3.52735
3.53211
3.53027
3.52573
3.51747
3.50442
3.48524
3.45976
3.43019
3.39447
3.35408
3.31078
3.26418
3.21215
3.15459
3.09160
3.02531
2.95636
2.88280
2.80478
2.72332
2.63663
2.54560
2.45259
2.35726
2.26007
2.15824
2.05151
1.94106
1.82973
1.71712
1.60307
1.48594
1.36572
1.24147
1.11588
0.99024
0.86501
0.73779
0.60835
0.47701
0.34618
0.21442
0.08202
-0.05002
-0.18072
-0.31181
-0.44290
-0.57464
-0.70651
-0.83739
-0.96585
-1.09069
-1.21522
-1.33955
-1.46318
-1.58687
-1.70643
-1.82304
-1.93610
-2.04673
-2.15570
-2.26289
-2.36714
-2.46824
-2.56411
-2.65561
-2.74337
-2.82923
-2.91251
-2.99039
-3.06321
-3.13115
-3.19465
-3.25466
-3.31117
-3.36306
-3.40889
-3.44879
-3.48207
-3.51158
-3.53796
-3.56132
-3.57942
-3.58933
-3.59292
-3.58913
-3.58290
-3.57461
-3.56193
-3.54280
-3.51614
-3.48274
-3.44627
-3.40676
-3.36187
-3.31255
-3.25827
-3.19821
-3.13235
-3.06395
-2.99420
-2.92040
-2.84178
-2.75667
-2.66674
-2.57213
-2.47486
-2.37612
-2.27591
-2.17171
-2.06329
-1.95003
-1.83319
-1.71416
-1.59503
-1.47427
-1.35089
-1.22556
-1.09613
-0.96479
-0.83177
-0.70042
-0.56881
-0.43695
-0.30246
-0.16568
-0.02973
0.10578
0.23991
0.37349
0.50813
0.64321
0.77756
0.90960
1.04012
1.16949
1.29795
1.42429
1.54913
1.67203
1.79283
1.91097
2.02543
2.13668
2.24642
2.35364
2.45733
2.55690
2.65136
2.74221
2.82922
2.91490
2.99704
3.07311
3.14469
3.21093
3.27298
3.33099
3.38390
3.43209
3.47434
3.51184
3.54453
3.57264
3.59571
3.61227
3.62209
3.62689
3.62642
3.62312
3.61527
3.60163
3.57978
3.55241
3.51919
3.48109
3.43887
3.39265
3.34249
3.28645
3.22405
3.15569
3.08347
3.00830
2.93192
2.85050
2.76319
2.67121
2.57398
2.47444
2.37363
2.27097
2.16352
2.05181
1.93606
1.81737
1.69744
1.57802
1.45542
1.33116
1.20362
1.07336
0.94152
0.80949
0.67671
0.54346
0.40901
0.27291
0.13647
-0.00114
-0.13814
-0.27483
-0.41005
-0.54458
-0.68056
-0.81704
-0.95263
-1.08513
-1.21537
-1.34314
-1.47016
-1.59546
-1.72073
-1.84221
-1.96021
-2.07631
-2.18921
-2.29784
-2.40206
-2.50242
-2.60057
-2.69509
-2.78503
-2.86921
-2.94847
-3.02515
-3.09775
-3.16589
-3.22780
-3.28451
-3.33713
-3.38431
-3.42739
-3.46566
-3.49806
-3.52549
-3.54692
-3.56237
-3.57301
-3.58012
-3.58311
-3.58036
-3.57120
-3.55556
-3.53605
-3.51347
-3.48776
-3.45735
-3.41803
-3.37227
-3.32406
-3.27298
-3.21762
-3.15865
-3.09529
-3.02724
-2.95322
-2.87574
-2.79323
-2.70800
-2.61899
-2.52728
-2.43458
-2.33686
-2.23345
-2.12626
-2.01667
-1.90636
-1.79349
-1.67855
-1.56193
-1.44208
-1.31820
-1.19175
-1.06511
-0.93855
-0.81116
-0.68167
-0.55110
-0.41976
-0.28693
-0.15357
-0.02051
0.11097
0.24296
0.37569
0.50869
0.64140
0.77279
0.90159
1.02890
1.15683
1.28483
1.41204
1.53737
1.65955
1.77732
1.89365
2.00868
2.12158
2.23278
2.34154
2.44774
2.54838
2.64378
2.73544
2.82547
2.91289
2.99602
3.07409
3.14685
3.21419
3.27607
3.33421
3.38823
3.43735
3.48037
3.51685
3.54757
3.57300
3.59220
3.60806
3.61809
3.62281
3.61926
3.60945
3.59538
3.57781
3.55488
3.52715
3.49442
3.45450
3.40779
3.35656
3.30246
3.24498
3.18310
3.11630
3.04526
2.96962
2.89048
2.80565
2.71816
2.62724
2.53414
2.43792
2.33810
2.23500
2.12923
2.01986
1.90894
1.79426
1.67752
1.55994
1.43960
1.31885
1.19700
1.07310
0.94526
0.81608
0.68648
0.55675
0.42607
0.29535
0.16458
0.03388
-0.09791
-0.22980
-0.36257
-0.49432
-0.62538
-0.75299
-0.88072
-1.00739
-1.13454
-1.26040
-1.38306
-1.50342
-1.62189
-1.73856
-1.85172
-1.96333
-2.07173
-2.17766
-2.27999
-2.37814
-2.47338
-2.56635
-2.65591
-2.74067
-2.82100
-2.89690
-2.96926
-3.03888
-3.10405
-3.16491
-3.22034
-3.27054
-3.31594
-3.35681
-3.39556
-3.42952
-3.45888
-3.48165
-3.49784
-3.50854
-3.51630
-3.52075
-3.51973
-3.51332
-3.50059
-3.48235
-3.46051
-3.43359
-3.40186
-3.36542
-3.32351
-3.27620
-3.22457
-3.16689
-3.10549
-3.04005
-2.97149
-2.89695
-2.81811
-2.73474
-2.64730
-2.55620
-2.46233
-2.36464
-2.26333
-2.15793
-2.04919
-1.93962
-1.82715
-1.71123
-1.59139
-1.46986
-1.34684
-1.22381
-1.09912
-0.97134
-0.84223
-0.71180
-0.58088
-0.44870
-0.31739
-0.18398
-0.05082
0.08155
0.21396
0.34781
0.48342
0.61730
0.74932
0.87790
1.00698
1.13773
1.26771
1.39578
1.52219
1.64726
1.76879
1.88756
2.00547
2.12345
2.23950
2.35133
2.45966
2.56411
2.66448
2.76200
2.85694
2.94842
3.03588
3.11826
3.19419
3.26547
3.33304
3.39607
3.45296
3.50456
3.55088
3.59001
3.62364
3.65251
3.67614
3.69433
3.70522
3.71050
3.70984
3.70357
3.69256
3.67646
3.65521
3.62835
3.59460
3.55608
3.51318
3.46606
3.41300
3.35616
3.29371
3.22821
3.15848
3.08476
3.00596
2.92319
2.83719
2.74789
2.65579
2.56069
2.46287
2.36103
2.25657
2.14940
2.04004
1.92825
1.81471
1.69895
1.57988
1.45841
1.33465
1.20952
1.08409
0.95642
0.82735
0.69626
0.56207
0.42706
0.29115
0.15540
0.01981
-0.11654
-0.25408
-0.39181
-0.52839
-0.66420
-0.79915
-0.93437
-1.06921
-1.20085
-1.33137
-1.45962
-1.58712
-1.71257
-1.83593
-1.95561
-2.07126
-2.18484
-2.29519
-2.40278
-2.50631
-2.60641
-2.70293
-2.79484
-2.88133
-2.96337
-3.04097
-3.11484
-3.18576
-3.25174
-3.31262
-3.36794
-3.41754
-3.46318
-3.50505
-3.54158
-3.57322
-3.59914
-3.61894
-3.63453
-3.64434
-3.64988
-3.65152
-3.64783
-3.63894
-3.62404
-3.60373
-3.57797
-3.54660
-3.51197
-3.47288
-3.42968
-3.38098
-3.32525
-3.26406
-3.19822
-3.12960
-3.05724
-2.98018
-2.89829
-2.81142
-2.72019
-2.62650
-2.52944
-2.42837
-2.32343
-2.21565
-2.10551
-1.99257
-1.87631
-1.75866
-1.63749
-1.51516
-1.39056
-1.26383
-1.13667
-1.00873
-0.88003
-0.74925
-0.61714
-0.48396
-0.34984
-0.21650
-0.08295
0.05135
0.18592
0.32043
0.45369
0.58697
0.72053
0.85287
0.98444
1.11432
1.24316
1.37071
1.49697
1.62272
1.74579
1.86676
1.98512
2.10011
2.21455
2.32647
2.43547
2.54028
2.64037
2.73717
2.83056
2.92069
3.00550
3.08548
3.16091
3.23151
3.29872
3.36012
3.41624
3.46626
3.51197
3.55092
3.58355
3.61124
3.63656
3.65595
3.66891
3.67443
3.67355
3.66761
3.65754
3.64495
3.62740
3.60423
3.57369
3.53762
3.49625
3.45343
3.40666
3.35633
3.30104
3.24191
3.17777
3.10910
3.03644
2.96205
2.88409
2.80396
2.71947
2.63160
2.54037
2.44636
2.35025
2.25132
2.15066
2.04557
1.93832
1.82844
1.71902
1.60871
1.49352
1.37589
1.25545
1.13202
1.00764
0.88314
0.75796
0.63050
0.49943
0.36632
0.23125
0.09591
-0.04062
-0.17541
-0.31174
-0.44964
-0.58941
-0.72866
-0.86627
-1.00164
-1.13682
-1.27389
-1.41047
-1.54471
-1.67583
-1.80359
-1.92818
-2.05110
-2.17312
-2.29293
-2.40906
-2.52008
-2.62524
-2.72553
-2.82269
-2.91568
-3.00688
-3.09407
-3.17415
-3.24655
-3.31354
-3.37519
-3.43403
-3.48745
-3.53609
-3.57832
-3.61258
-3.64064
-3.66332
-3.68220
-3.69650
-3.70483
-3.70704
-3.70239
-3.69142
-3.67397
-3.65255
-3.62751
-3.59720
-3.56190
-3.51848
-3.47003
-3.41670
-3.36072
-3.29989
-3.23397
-3.16451
-3.08925
-3.00839
-2.92413
-2.83721
-2.74807
-2.65522
-2.55813
-2.45637
-2.35141
-2.24372
-2.13375
-2.02285
-1.90982
-1.79293
-1.67308
-1.54906
-1.42467
-1.29914
-1.17334
-1.04655
-0.91847
-0.78680
-0.65357
-0.52002
-0.38687
-0.25503
-0.12194
0.01262
0.14889
0.28588
0.42218
0.55662
0.68906
0.82149
0.95541
1.09117
1.22657
1.35913
1.48665
1.61189
1.73689
1.86259
1.98761
2.11152
2.22964
2.34240
2.45233
2.56106
2.66877
2.77257
2.87120
2.96338
3.04921
3.13171
3.21100
3.28694
3.35872
3.42468
3.48385
3.53502
3.57981
3.62035
3.65773
3.69196
3.71904
3.73745
3.74919
3.75558
3.75726
3.75435
3.74769
3.73472
3.71350
3.68566
3.65147
3.61367
3.57224
3.52792
3.47820
3.42191
3.35859
3.28870
3.21580
3.14201
3.06668
2.98645
2.89970
2.80752
2.71185
2.61420
2.51574
2.41428
2.30952
2.20041
2.08849
1.97490
1.85899
1.74196
1.62226
1.50056
1.37794
1.25221
1.12466
0.99489
0.86457
0.73343
0.60076
0.46661
0.33111
0.19476
0.05833
-0.07795
-0.21567
-0.35499
-0.49493
-0.63282
-0.76870
-0.90528
-1.04226
-1.17859
-1.31321
-1.44590
-1.57697
-1.70685
-1.83536
-1.96318
-2.08604
-2.20453
-2.32264
-2.43716
-2.54965
-2.65737
-2.76070
-2.86047
-2.95667
-3.04769
-3.13340
-3.21467
-3.29217
-3.36514
-3.43192
-3.49181
-3.54577
-3.59564
-3.64068
-3.68015
-3.71401
-3.74087
-3.76054
-3.77448
-3.78284
-3.78764
-3.78649
-3.77844
-3.76487
-3.74484
-3.71983
-3.68946
-3.65410
-3.61358
-3.56759
-3.51580
-3.45964
-3.39847
-3.33297
-3.26155
-3.18525
-3.10638
-3.02302
-2.93499
-2.84342
-2.74751
-2.64905
-2.54634
-2.43878
-2.32765
-2.21494
-2.09913
-1.98106
-1.86002
-1.73628
-1.61047
-1.48239
-1.35315
-1.22272
-1.09052
-0.95559
-0.81907
-0.68208
-0.54445
-0.40762
-0.26988
-0.13131
0.00843
0.14705
0.28582
0.42444
0.56269
0.70084
0.83736
0.97168
1.10408
1.23642
1.36722
1.49726
1.62562
1.75226
1.87494
1.99605
2.11418
2.23145
2.34532
2.45675
2.56438
2.66890
2.76948
2.86586
2.95920
3.04922
3.13547
3.21699
3.29279
3.36388
3.42994
3.49135
3.54663
3.59755
3.64223
3.68114
3.71451
3.74318
3.76701
3.78387
3.79248
3.79572
3.79506
3.78945
3.77804
3.76109
3.73710
3.70606
3.67045
3.63124
3.59016
3.54417
3.49163
3.43160
3.36718
3.29899
3.22823
3.15410
3.07712
2.99668
2.91038
2.81974
2.72649
2.63038
2.53339
2.43375
2.32988
2.22278
2.11262
2.00048
1.88777
1.77329
1.65559
1.53406
1.40923
1.28430
1.15829
1.03046
0.89979
0.76737
0.63280
0.49763
0.36230
0.22583
0.08825
-0.05170
-0.19346
-0.33570
-0.47746
-0.61748
-0.75730
-0.89682
-1.03527
-1.17433
-1.31351
-1.45079
-1.58456
-1.71333
-1.83928
-1.96533
-2.09017
-2.21221
-2.32911
-2.44031
-2.54640
-2.64926
-2.75016
-2.84893
-2.94386
-3.03197
-3.11275
-3.18878
-3.26028
-3.32867
-3.39364
-3.45388
-3.50787
-3.55604
-3.59761
-3.63508
-3.66879
-3.69796
-3.72209
-3.74074
-3.75078
-3.75525
-3.75510
-3.75069
-3.74234
-3.72888
-3.70893
-3.68046
-3.64576
-3.60697
-3.56553
-3.51790
-3.46472
-3.40488
-3.34012
-3.27056
-3.19713
-3.12099
-3.03920
-2.95307
-2.86201
-2.76466
-2.66438
-2.56178
-2.45778
-2.35104
-2.23988
-2.12393
-2.00307
-1.88101
-1.75913
-1.63798
-1.51232
-1.38352
-1.25198
-1.11849
-0.98513
-0.85156
-0.71874
-0.58291
-0.44592
-0.30569
-0.16617
-0.02651
0.11078
0.24865
0.38714
0.52521
0.66316
0.80160
0.93861
1.07240
1.20472
