
0.00000
0.00000
0.03843
0.24691
0.62350
1.07527
1.49701
1.82481
2.08992
2.37023
2.72739
3.16076
3.62150
4.05908
4.44876
4.80328
5.16383
5.56158
5.99860
6.45127
6.87322
7.25201
7.60290
7.95609
8.33310
8.73078
9.11947
9.47101
9.78678
10.08528
10.38979
10.70372
11.01558
11.30427
11.56050
11.78909
12.00706
12.22888
12.44688
12.64998
12.82640
12.97723
13.10806
13.22727
13.33244
13.43100
13.51397
13.57565
13.60592
13.61362
13.60727
13.58934
13.56072
13.51638
13.45170
13.35917
13.24145
13.10374
12.95676
12.80067
12.63078
12.43944
12.22091
11.97836
11.71973
11.44919
11.17316
10.88373
10.57222
10.23644
9.87960
9.50941
9.13129
8.74547
8.34886
7.93453
7.50049
7.04525
6.57581
6.10142
5.62549
5.14260
4.64428
4.12537
3.59410
3.05705
2.52154
1.98853
1.45397
0.91243
0.35975
-0.19983
-0.75780
-1.30570
-1.84478
-2.38060
-2.91757
-3.45993
-4.00401
-4.53890
-5.06387
-5.58122
-6.09082
-6.59511
-7.09705
-7.59549
-8.08378
-8.55682
-9.01533
-9.46163
-9.90035
-10.33106
-10.74828
-11.14664
-11.52280
-11.87778
-12.21470
-12.53293
-12.83858
-13.12182
-13.38259
-13.61719
-13.83130
-14.02260
-14.19165
-14.33769
-14.46321
-14.56692
-14.64534
-14.70194
-14.73476
-14.75232
-14.74762
-14.71787
-14.66350
-14.58785
-14.49261
-14.37772
-14.24497
-14.09331
-13.92045
-13.72928
-13.52061
-13.29217
-13.04689
-12.78270
-12.50455
-12.20779
-11.89474
-11.55861
-11.20738
-10.84450
-10.46636
-10.07304
-9.66308
-9.23457
-8.79260
-8.33651
-7.86899
-7.39177
-6.90651
-6.40884
-5.89643
-5.37469
-4.84942
-4.32018
-3.78739
-3.25159
-2.70960
-2.16095
-1.61142
-1.06209
-0.51296
0.03054
0.57239
1.11276
1.65260
2.19351
2.72801
3.25550
3.77165
4.28342
4.79368
5.30332
5.80613
6.29734
6.77426
7.23609
7.69236
8.13970
8.58159
9.00994
9.42111
9.81700
10.19499
10.56046
10.91515
11.25652
11.58165
11.88791
12.17830
12.44994
12.70991
12.95394
13.18054
13.38859
13.58329
13.75718
13.91224
14.04770
14.16243
14.25754
14.33220
14.38573
14.42025
14.42963
14.41915
14.38728
14.33372
14.25723
14.15832
14.03710
13.89615
13.73246
13.55026
13.34927
13.12727
12.88750
12.62762
12.34968
12.05051
11.73371
11.40295
11.05521
10.69493
10.31489
9.91904
9.50995
9.08861
8.65789
8.21668
7.75984
7.28921
6.80695
6.31581
5.81720
5.31643
4.80483
4.28301
3.74996
3.21062
2.67171
2.13281
1.58863
1.04158
0.48660
-0.07107
-0.62868
-1.18293
-1.72829
-2.26949
-2.80941
-3.34870
-3.88645
-4.41798
-4.93682
-5.44063
-5.93522
-6.42185
-6.90245
-7.37134
-7.82524
-8.26247
-8.68409
-9.09244
-9.49135
-9.87804
-10.25011
-10.60411
-10.93720
-11.25074
-11.54749
-11.83002
-12.09941
-12.35314
-12.58767
-12.80031
-12.99223
-13.16604
-13.32292
-13.46534
-13.58928
-13.68804
-13.76370
-13.81508
-13.85124
-13.87039
-13.87161
-13.85166
-13.81191
-13.74492
-13.65883
-13.55513
-13.43570
-13.30146
-13.14865
-12.97869
-12.78600
-12.57176
-12.34227
-12.09731
-11.84044
-11.57040
-11.28224
-10.97306
-10.64581
-10.30219
-9.94799
-9.58566
-9.21555
-8.82811
-8.42454
-8.00511
-7.57583
-7.14137
-6.70334
-6.25755
-5.80125
-5.33124
-4.85310
-4.37123
-3.88539
-3.40108
-2.91294
-2.42007
-1.92349
-1.42524
-0.92859
-0.43304
0.06137
0.55748
1.05333
1.54809
2.04078
2.52801
3.01075
3.49045
3.96797
4.44169
4.90853
5.36994
5.82295
6.26527
6.69874
7.12430
7.54343
7.95270
8.35102
8.73965
9.11694
9.48173
9.83366
10.17162
10.49844
10.81349
11.11063
11.39428
11.66259
11.91585
12.15402
12.37747
12.58292
12.77225
12.94565
13.09958
13.23640
13.35550
13.45678
13.54324
13.61115
13.66006
13.69063
13.70159
13.69802
13.67466
13.63171
13.56922
13.48614
13.38576
13.26615
13.12784
12.96804
12.79155
12.59320
12.37893
12.14727
11.89533
11.62332
11.33354
11.02834
10.70949
10.37775
10.03119
9.66714
9.29207
8.90343
8.50467
8.09305
7.67158
7.23848
6.79477
6.33870
5.87589
5.40436
4.92675
4.44456
3.96000
3.46380
2.96350
2.45599
1.94545
1.43243
0.91936
0.40740
-0.11012
-0.63036
-1.14842
-1.66893
-2.18385
-2.69554
-3.20429
-3.70671
-4.20777
-4.70569
-5.19734
-5.68365
-6.16540
-6.63777
-7.10243
-7.55523
-7.99488
-8.42029
-8.83386
-9.23533
-9.62341
-9.99941
-10.35803
-10.69843
-11.01992
-11.32672
-11.61551
-11.89182
-12.14769
-12.38354
-12.59657
-12.78894
-12.96332
-13.12170
-13.26604
-13.38700
-13.49180
-13.57292
-13.63569
-13.68004
-13.70594
-13.71471
-13.70573
-13.67779
-13.62880
-13.56072
-13.47630
-13.37489
-13.25393
-13.11529
-12.95573
-12.77849
-12.58380
-12.37090
-12.14077
-11.89141
-11.62606
-11.34168
-11.04361
-10.73214
-10.40571
-10.06425
-9.70761
-9.33494
-8.94963
-8.54873
-8.13511
-7.71097
-7.27071
-6.81895
-6.35467
-5.88231
-5.40150
-4.91431
-4.41947
-3.91752
-3.40726
-2.88743
-2.36474
-1.83962
-1.31507
-0.79088
-0.26479
0.26277
0.79201
1.32385
1.85261
2.37664
2.88892
3.39670
3.89685
4.39691
4.89460
5.38733
5.86986
6.33982
6.79653
7.24687
7.68781
8.12055
8.54344
8.95483
9.34984
9.73194
10.09972
10.45363
10.79702
11.12792
11.44202
11.73845
12.01466
12.27362
12.51378
12.74078
12.95285
13.14435
13.31309
13.46081
13.59294
13.70676
13.80238
13.87636
13.92838
13.96211
13.97456
13.96806
13.94107
13.89785
13.83246
13.74500
13.63430
13.50222
13.35204
13.18058
12.98905
12.77807
12.54816
12.29665
12.02790
11.74123
11.44013
11.11912
10.77875
10.42339
10.05452
9.67194
9.27469
8.86377
8.43940
8.00012
7.55547
7.10122
6.64033
6.16847
5.68698
5.19751
4.70449
4.20458
3.69907
3.19004
2.67775
2.16148
1.64616
1.12705
0.60889
0.08948
-0.42736
-0.93757
-1.44673
-1.95182
-2.45201
-2.95129
-3.44164
-3.92509
-4.39885
-4.86695
-5.32604
-5.77849
-6.21994
-6.65203
-7.07320
-7.48288
-7.87769
-8.26425
-8.63966
-9.00351
-9.35360
-9.68892
-10.01119
-10.31947
-10.61627
-10.89838
-11.16453
-11.41645
-11.65012
-11.87062
-12.07872
-12.27258
-12.45035
-12.60592
-12.74295
-12.85982
-12.96412
-13.05392
-13.12868
-13.18329
-13.21757
-13.23128
-13.22946
-13.21138
-13.17621
-13.11985
-13.04547
-12.94942
-12.83418
-12.70398
-12.55994
-12.39878
-12.22129
-12.02025
-11.80102
-11.56367
-11.31280
-11.05010
-10.77258
-10.47844
-10.16885
-9.84277
-9.50338
-9.15184
-8.79144
-8.41852
-8.03206
-7.63515
-7.22535
-6.80500
-6.37508
-5.94018
-5.49710
-5.04481
-4.58341
-4.11510
-3.64222
-3.16614
-2.68715
-2.20035
-1.71259
-1.22021
-0.72748
-0.23573
0.25516
0.74595
1.23616
1.72357
2.20803
2.68918
3.16908
3.64340
4.11136
4.57315
5.03134
5.48142
5.92572
6.35737
6.78130
7.19571
7.59829
7.99473
8.38108
8.75373
9.11472
9.46150
9.79679
10.11648
10.42170
10.71297
10.99033
11.25294
11.50200
11.73554
11.95316
12.15261
12.33293
12.49977
12.64997
12.78645
12.90608
13.00638
13.08845
13.15235
13.19648
13.22368
13.23250
13.22620
13.20424
13.16061
13.09785
13.01579
12.91495
12.79588
12.66258
12.51060
12.34010
12.14878
11.93836
11.71102
11.46919
11.21082
10.93436
10.64050
10.32796
10.00069
9.66181
9.31361
8.95072
8.57699
8.18834
7.78758
7.37723
6.95728
6.53030
6.09638
5.65436
5.20250
4.74460
4.28068
3.81288
3.34161
2.86779
2.39187
1.90894
1.42631
0.94243
0.46137
-0.01680
-0.49413
-0.97123
-1.44808
-1.92572
-2.40009
-2.87080
-3.34001
-3.80684
-4.27172
-4.72915
-5.17940
-5.62762
-6.06916
-6.50692
-6.93728
-7.36104
-7.77974
-8.18994
-8.59249
-8.98676
-9.37008
-9.74509
-10.10858
-10.46018
-10.80111
-11.12820
-11.44198
-11.74128
-12.02547
-12.29389
-12.54673
-12.78253
-12.99969
-13.19553
-13.37077
-13.52418
-13.66141
-13.77734
-13.87183
-13.94050
-13.98540
-14.01331
-14.02190
-14.01107
-13.98100
-13.93096
-13.85992
-13.76453
-13.64772
-13.50944
-13.35433
-13.18006
-12.98929
-12.78137
-12.55272
-12.30064
-12.02969
-11.74270
-11.44373
-11.13014
-10.80187
-10.45737
-10.09489
-9.71667
-9.32377
-8.92007
-8.50334
-8.07496
-7.63295
-7.18122
-6.71650
-6.24320
-5.76070
-5.27162
-4.77341
-4.27124
-3.76195
-3.24743
-2.73210
-2.21222
-1.69261
-1.17106
-0.64757
-0.12407
0.39737
0.91456
1.42842
1.93434
2.43635
2.93328
3.42115
3.90641
4.38253
4.85241
5.31003
5.75669
6.19487
6.62483
7.05093
7.46673
7.87435
8.26854
8.65258
9.02515
9.38877
9.74621
10.09509
10.43271
10.75965
11.07049
11.37024
11.65815
11.93529
12.19900
12.44878
12.67847
12.89234
13.09301
13.27838
13.44632
13.59755
13.72840
13.83726
13.92337
13.98995
14.03506
14.06087
14.06504
14.04250
13.99820
13.92703
13.83352
13.71591
13.57430
13.41001
13.22346
13.01661
12.78547
12.53387
12.26207
11.96799
11.65584
11.32120
10.97446
10.61022
10.22836
9.83402
9.42219
8.99565
8.55341
8.09728
7.63241
7.15717
6.67377
6.18392
5.68801
5.18573
4.67755
4.16176
3.64249
3.11866
2.59422
2.06937
1.54454
1.01740
0.48601
-0.04532
-0.57409
-1.10401
-1.63030
-2.15585
-2.67841
-3.19954
-3.71961
-4.23254
-4.74101
-5.24065
-5.73555
-6.22465
-6.70425
-7.17337
-7.63142
-8.07638
-8.51195
-8.93588
-9.34721
-9.74676
-10.12820
-10.49325
-10.84707
-11.18511
-11.51097
-11.82117
-12.11466
-12.39069
-12.64466
-12.88309
-13.10671
-13.31431
-13.50278
-13.67605
-13.82688
-13.95733
-14.06963
-14.16492
-14.23779
-14.29324
-14.32885
-14.34287
-14.34220
-14.32179
-14.28463
-14.22955
-14.15858
-14.06581
-13.95627
-13.82840
-13.68183
-13.51506
-13.33125
-13.12716
-12.90605
-12.66553
-12.40582
-12.13036
-11.83654
-11.52383
-11.19310
-10.84738
-10.48371
-10.10863
-9.71652
-9.31003
-8.88663
-8.45273
-8.00609
-7.54868
-7.08274
-6.60579
-6.12160
-5.63274
-5.13724
-4.63514
-4.12578
-3.61334
-3.09990
-2.58855
-2.07512
-1.55926
-1.04570
-0.53194
-0.02188
0.48396
0.98200
1.47282
1.95853
2.44228
2.91958
3.38771
3.84713
4.29520
4.73684
5.17049
5.59861
6.01820
6.43233
6.83363
7.22501
7.60735
7.98304
8.35056
8.70999
9.06023
9.40240
9.73199
10.05482
10.36886
10.67200
10.96317
11.23994
11.50288
11.75239
11.98795
12.20996
12.41502
12.60486
12.77642
12.92769
13.06103
13.17701
13.27284
13.34741
13.40024
13.42826
13.43433
13.41905
13.37846
13.31279
13.22215
13.10698
12.96793
12.80699
12.62280
12.41398
12.18046
11.92763
11.65323
11.36029
11.04766
10.71959
10.37210
10.00864
9.62760
9.23651
8.83324
8.42066
7.99795
7.56810
7.12754
6.67985
6.22434
5.76717
5.30748
4.84662
4.38248
3.91497
3.44617
2.97757
2.50792
2.03932
1.56807
1.09603
0.62795
0.15964
-0.30716
-0.77378
-1.23906
-1.70378
-2.16474
-2.62330
-3.08100
-3.53765
-3.99143
-4.44142
-4.88769
-5.32838
-5.76260
-6.19238
-6.61679
-7.03328
-7.44667
-7.85188
-8.24928
-8.63629
-9.01254
-9.37752
-9.73006
-10.06826
-10.39466
-10.70578
-11.00123
-11.28300
-11.55029
-11.79930
-12.03466
-12.25488
-12.45815
-12.64559
-12.81314
-12.96216
-13.09367
-13.20675
-13.30510
-13.38725
-13.45305
-13.49953
-13.52232
-13.52593
-13.51136
-13.47985
-13.43165
-13.36337
-13.27674
-13.16685
-13.04000
-12.89398
-12.72913
-12.54393
-12.33859
-12.11488
-11.87005
-11.60550
-11.32385
-11.02289
-10.70057
-10.36113
-10.00322
-9.62823
-9.23905
-8.83494
-8.41635
-7.98302
-7.53519
-7.07435
-6.60178
-6.12089
-5.63148
-5.13446
-4.63066
-4.12078
-3.60677
-3.09137
-2.57544
-2.05960
-1.54216
-1.02979
-0.51798
-0.01160
0.49090
0.99158
1.48432
1.97174
2.45257
2.92593
3.39384
3.85662
4.31270
4.76069
5.20051
5.63539
6.06303
6.48679
6.90052
7.30593
7.70245
8.08927
8.46882
8.83793
9.19648
9.54463
9.88441
10.20836
10.52088
10.82001
11.11080
11.38687
11.64745
11.89046
12.11320
12.31950
12.50736
12.68025
12.83175
12.96243
13.06598
13.14552
13.20164
13.23484
13.24632
13.23403
13.19461
13.12794
13.03558
12.91484
12.77115
12.60358
12.40915
12.19336
11.95051
11.68389
11.39285
11.08305
10.75267
10.40230
10.03477
9.64538
9.24256
8.82353
8.39499
7.95533
7.49939
7.03623
6.56237
6.08246
5.59955
5.11721
4.63266
4.14805
3.66371
3.18101
2.70021
2.22778
1.75912
1.29707
0.84381
0.39439
-0.04999
-0.48760
-0.91746
-1.33876
-1.75368
-2.16633
-2.57231
-2.97266
-3.36353
-3.74648
-4.12239
-4.49388
-4.86001
-5.22272
-5.57699
-5.92757
-6.26902
-6.60516
-6.93839
-7.26851
-7.59473
-7.91785
-8.23425
-8.54472
-8.84579
-9.13984
-9.43176
-9.71716
-9.99682
-10.26798
-10.52795
-10.77650
-11.01627
-11.24776
-11.46806
-11.67940
-11.87880
-12.06298
-12.23256
-12.38704
-12.52775
-12.65461
-12.76379
-12.85951
-12.93249
-12.98705
-13.02394
-13.04695
-13.04922
-13.03249
-12.99489
-12.93735
-12.85689
-12.75654
-12.63960
-12.50299
-12.34630
-12.16672
-11.96427
-11.74079
-11.49769
-11.23471
-10.95467
-10.65389
-10.33425
-9.99184
-9.63307
-9.25790
-8.86613
-8.46179
-8.04534
-7.61418
-7.16732
-6.70906
-6.24126
-5.76498
-5.28220
-4.79257
-4.29576
-3.79571
-3.29051
-2.78565
-2.28325
-1.78645
-1.28978
-0.79723
-0.30617
0.17861
0.65443
1.11858
1.57180
2.01965
2.46178
2.89608
3.32454
3.74167
4.14794
4.54693
4.93836
5.32595
5.70629
6.07804
6.44072
6.79635
7.14491
7.49217
7.83346
8.17118
8.50153
8.82265
9.12965
9.42749
9.71788
10.00076
10.27699
10.54033
10.78684
11.01930
11.23950
11.44670
11.64296
11.82848
11.99542
12.14261
12.27070
12.38072
12.47658
12.55527
12.61560
12.65769
12.67369
12.66392
12.63246
12.57759
12.51076
12.42238
12.31188
12.17367
12.01179
11.82608
11.62307
11.39810
11.15441
10.89001
10.60095
10.29160
9.96536
9.61854
9.25582
8.87489
8.48047
8.07203
7.64938
7.21590
6.77155
6.32162
5.86458
5.40333
4.93989
4.47165
4.00223
3.53268
3.06505
2.59649
2.13048
1.66793
1.21151
0.76183
0.31538
-0.12451
-0.55932
-0.98541
-1.40485
-1.81944
-2.22893
-2.63371
-3.03363
-3.42172
-3.80398
-4.18242
-4.55739
-4.92889
-5.29512
-5.65348
-6.00510
-6.35247
-6.69304
-7.02814
-7.35827
-7.68622
-8.00895
-8.32464
-8.63252
-8.93502
-9.23431
-9.52657
-9.80879
-10.08280
-10.34588
-10.59846
-10.84051
-11.07101
-11.29316
-11.50320
-11.69979
-11.88415
-12.05281
-12.20691
-12.34743
-12.47157
-12.57887
-12.66885
-12.74167
-12.79643
-12.83016
-12.84787
-12.84391
-12.81824
-12.77712
-12.71617
-12.63599
-12.53421
-12.41236
-12.27349
-12.11186
-11.93152
-11.73133
-11.51228
-11.27529
-11.01905
-10.74508
-10.45437
-10.14521
-9.82099
-9.48017
-9.12686
-8.75828
-8.37480
-7.98072
-7.57442
-7.15806
-6.73382
-6.30147
-5.86044
-5.40966
-4.95413
-4.48914
-4.02109
-3.54747
-3.07099
-2.59173
-2.11157
-1.62866
-1.14253
-0.65623
-0.16817
0.31452
0.79577
1.27324
1.74522
2.20979
2.66805
3.11998
3.56487
4.00014
4.42688
4.84419
5.25323
5.65334
6.04399
6.42701
6.80080
7.16555
7.51871
7.86476
8.20087
8.52845
8.84998
9.16067
9.46433
9.75847
10.04417
10.32191
10.58834
10.84274
11.08463
11.31678
11.53670
11.74254
11.93203
12.10521
12.26067
12.39630
12.51418
12.61614
12.69477
12.74981
12.77842
12.78003
12.75777
12.71399
12.64548
12.55444
12.43796
12.29520
12.12444
11.92827
11.70893
11.46908
11.20672
10.92036
10.61024
10.27953
9.93001
9.56423
9.18215
8.78392
8.37129
7.94157
7.50243
7.05359
6.59926
6.13406
5.66500
5.19097
4.71465
4.23747
3.76068
3.28466
2.80777
2.33093
1.85758
1.38627
0.92364
0.46627
0.01188
-0.43761
-0.88518
-1.32976
-1.77192
-2.20394
-2.62731
-3.04553
-3.46192
-3.87635
-4.28792
-4.69042
-5.08457
-5.47149
-5.85533
-6.23612
-6.61714
-6.98961
-7.35481
-7.70788
-8.05090
-8.39045
-8.72141
-9.04585
-9.36183
-9.66412
-9.95616
-10.23253
-10.49887
-10.75364
-10.99243
-11.21622
-11.42530
-11.61441
-11.78870
-11.94778
-12.09537
-12.22930
-12.34888
-12.45152
-12.53630
-12.60440
-12.65729
-12.69833
-12.72321
-12.73126
-12.71957
-12.69426
-12.65147
-12.59281
-12.52091
-12.43071
-12.32135
-12.19483
-12.04512
-11.88121
-11.69969
-11.50081
-11.28529
-11.04773
-10.79079
-10.51082
-10.21580
-9.90588
-9.58050
-9.23927
-8.88206
-8.50884
-8.12354
-7.72588
-7.31918
-6.90401
-6.47788
-6.04182
-5.59494
-5.14298
-4.68519
-4.22734
-3.76467
-3.30098
-2.83516
-2.36900
-1.90193
-1.43810
-0.98051
-0.52429
