
0.00000
0.00000
-0.00053
0.00472
0.02369
0.06450
0.13847
0.24784
0.39021
0.55173
0.72046
0.89039
1.06252
1.24539
1.44240
1.65440
1.88105
2.11558
2.35186
2.58879
2.82149
3.05583
3.29478
3.53920
3.78491
4.02956
4.26938
4.50419
4.73617
4.96443
5.18973
5.41165
5.63110
5.84653
6.05539
6.25453
6.44514
6.62935
6.81029
6.98910
7.16080
7.32374
7.47294
7.61203
7.74137
7.86743
7.98643
8.09730
8.19500
8.27799
8.34949
8.41173
8.46835
8.51619
8.55400
8.57664
8.58526
8.58022
8.56575
8.54224
8.50921
8.46384
8.40410
8.33038
8.24519
8.14747
8.04122
7.92355
7.79330
7.64995
7.49229
7.32443
7.14418
6.95375
6.75160
6.53766
6.31260
6.07341
5.82220
5.56099
5.28991
5.00732
4.71466
4.40976
4.09752
3.77620
3.44738
3.11252
2.77196
2.42713
2.07781
1.72399
1.36699
1.00988
0.65124
0.28988
-0.07293
-0.43724
-0.80371
-1.16819
-1.53352
-1.89766
-2.26195
-2.62606
-2.98861
-3.34953
-3.70706
-4.06022
-4.40951
-4.75377
-5.09444
-5.42887
-5.75510
-6.07248
-6.37794
-6.67207
-6.95542
-7.22365
-7.48346
-7.72666
-7.95643
-8.16974
-8.36897
-8.55259
-8.72311
-8.87815
-9.01890
-9.14456
-9.25340
-9.34833
-9.42688
-9.49381
-9.54469
-9.57993
-9.60140
-9.60831
-9.60095
-9.58147
-9.55010
-9.50577
-9.44779
-9.37795
-9.29636
-9.20143
-9.09608
-8.97699
-8.84705
-8.70439
-8.55136
-8.38235
-8.20350
-8.01297
-7.80975
-7.59601
-7.37108
-7.13244
-6.88318
-6.62159
-6.35036
-6.06988
-5.78258
-5.48657
-5.17947
-4.86599
-4.54756
-4.22337
-3.89395
-3.56153
-3.22549
-2.88536
-2.54373
-2.20132
-1.85605
-1.51039
-1.16391
-0.81805
-0.47361
-0.12925
0.21268
0.55600
0.89749
1.23792
1.57562
1.91085
2.24270
2.57328
2.90028
3.21916
3.53592
3.84584
4.15269
4.45170
4.74355
5.03079
5.30957
5.58158
5.84569
6.10212
6.35073
6.59098
6.82506
7.04825
7.26537
7.47297
7.67237
7.86201
8.04538
8.21680
8.37635
8.52509
8.66102
8.78530
8.89742
8.99504
9.07999
9.14909
9.20396
9.24571
9.27400
9.28684
9.28303
9.26334
9.23084
9.18313
9.12271
9.04907
8.95920
8.85591
8.73933
8.61087
8.46858
8.31400
8.14746
7.96736
7.77667
7.57371
7.36092
7.13850
6.90538
6.66259
6.41106
6.14843
5.87765
5.59863
5.31162
5.01459
4.71326
4.40204
4.08561
3.76111
3.43058
3.09440
2.75491
2.40846
2.06141
1.70908
1.35471
0.99728
0.63716
0.27750
-0.08214
-0.43988
-0.79628
-1.14953
-1.50172
-1.84873
-2.19092
-2.52815
-2.85676
-3.17959
-3.49489
-3.80218
-4.10273
-4.39571
-4.67916
-4.95521
-5.22116
-5.47885
-5.72646
-5.96384
-6.19167
-6.40955
-6.61621
-6.81379
-7.00224
-7.17998
-7.34740
-7.50330
-7.64966
-7.78369
-7.90693
-8.01829
-8.11540
-8.20059
-8.27178
-8.33278
-8.38030
-8.41581
-8.43797
-8.45047
-8.44788
-8.43533
-8.41014
-8.37439
-8.32731
-8.26783
-8.19868
-8.11777
-8.02573
-7.92566
-7.81353
-7.69001
-7.55683
-7.41257
-7.25696
-7.09417
-6.92170
-6.73964
-6.54876
-6.35048
-6.14154
-5.92569
-5.70383
-5.47529
-5.24051
-5.00054
-4.75339
-4.49934
-4.23861
-3.97403
-3.70741
-3.43594
-3.16361
-2.88715
-2.60875
-2.32749
-2.04441
-1.76204
-1.47826
-1.19380
-0.90713
-0.61906
-0.33132
-0.04213
0.24766
0.53568
0.82428
1.11205
1.39901
1.68418
1.96892
2.24967
2.52637
2.80134
3.07437
3.34380
3.61013
3.87198
4.12881
4.38185
4.63063
4.87565
5.11453
5.34732
5.57536
5.79492
6.00835
6.21538
6.41560
6.60874
6.79482
6.97087
7.13853
7.29825
7.44881
7.59203
7.72663
7.85059
7.96448
8.06903
8.16406
8.24913
8.32186
8.38773
8.44112
8.48353
8.51338
8.53094
8.53671
8.52992
8.51125
8.47905
8.43585
8.37578
8.30479
8.22189
8.12545
8.01734
7.89705
7.76454
7.61982
7.46620
7.30234
7.12691
6.94409
6.75111
6.54945
6.33729
6.11768
5.88797
5.65217
5.40745
5.15686
4.89787
4.63208
4.36017
4.08506
3.80090
3.51506
3.22267
2.92475
2.62125
2.31348
2.00301
1.68667
1.36864
1.04938
0.72533
0.40164
0.07452
-0.25351
-0.57946
-0.90783
-1.23803
-1.56893
-1.89815
-2.22610
-2.55059
-2.87259
-3.18984
-3.50171
-3.80674
-4.10641
-4.39873
-4.68180
-4.95865
-5.22612
-5.48578
-5.73519
-5.97688
-6.20585
-6.42635
-6.63270
-6.82963
-7.01387
-7.18788
-7.35176
-7.50382
-7.64691
-7.77515
-7.89583
-8.00185
-8.09865
-8.18564
-8.26054
-8.32440
-8.37711
-8.41967
-8.45067
-8.47026
-8.47889
-8.47717
-8.46236
-8.43776
-8.39922
-8.34948
-8.28766
-8.21423
-8.12926
-8.03187
-7.92371
-7.80286
-7.67257
-7.53057
-7.37812
-7.21496
-7.04157
-6.85696
-6.66175
-6.45418
-6.23573
-6.00935
-5.77054
-5.52423
-5.26680
-5.00213
-4.72882
-4.44806
-4.15946
-3.86442
-3.56344
-3.25750
-2.94856
-2.63367
-2.31570
-1.99361
-1.66818
-1.34200
-1.01602
-0.68984
-0.36439
-0.03659
0.28947
0.61790
0.94124
1.26353
1.58281
1.89945
2.21298
2.52440
2.83167
3.13745
3.43735
3.73126
4.02029
4.30324
4.58143
4.85591
5.12424
5.38594
5.63982
5.88517
6.12197
6.35145
6.57279
6.78705
6.98870
7.18108
7.36502
7.53728
7.69808
7.84843
7.98990
8.11985
8.23895
8.34497
8.43792
8.51996
8.59044
8.64988
8.69479
8.72785
8.74636
8.75158
8.74251
8.71845
8.68074
8.62899
8.56367
8.48386
8.39279
8.28691
8.16766
8.03546
7.89213
7.73525
7.56544
7.38584
7.19497
6.99324
6.77980
6.55735
6.32569
6.08442
5.83857
5.58360
5.32197
5.05284
4.77686
4.49570
4.20977
3.91774
3.62075
3.32009
3.01523
2.70664
2.39773
2.08463
1.77256
1.45890
1.14588
0.83469
0.52198
0.21088
-0.09674
-0.40398
-0.70689
-1.00670
-1.30191
-1.59662
-1.88707
-2.17364
-2.45323
-2.72737
-2.99807
-3.26450
-3.52367
-3.77879
-4.02708
-4.26967
-4.50518
-4.73410
-4.95825
-5.17532
-5.38645
-5.59000
-5.78563
-5.97540
-6.15702
-6.33198
-6.50007
-6.65961
-6.81163
-6.95204
-7.08454
-7.20721
-7.32179
-7.42616
-7.52206
-7.60816
-7.68461
-7.75012
-7.80549
-7.84915
-7.88349
-7.90486
-7.91647
-7.91588
-7.90329
-7.87940
-7.84373
-7.79756
-7.74209
-7.67454
-7.59681
-7.50695
-7.40747
-7.29792
-7.17810
-7.04753
-6.90774
-6.75847
-6.60064
-6.43370
-6.26014
-6.07730
-5.88519
-5.68525
-5.47824
-5.26260
-5.03989
-4.81043
-4.57434
-4.33076
-4.08136
-3.82716
-3.56708
-3.30294
-3.03492
-2.76077
-2.48647
-2.20697
-1.92506
-1.64110
-1.35598
-1.07006
-0.78344
-0.49705
-0.21083
0.07608
0.36514
0.65180
0.93727
1.22092
1.50373
1.78242
2.06126
2.33402
2.60586
2.87427
3.13628
3.39520
3.64988
3.90007
4.14536
4.38384
4.61717
4.84262
5.06236
5.27720
5.48691
5.68886
5.88358
6.07076
6.25071
6.42356
6.58873
6.74876
6.89985
7.04198
7.17415
7.29633
7.41259
7.52103
7.61978
7.70988
7.78758
7.85604
7.91463
7.96094
7.99907
8.02710
8.04412
8.04690
8.03762
8.01638
7.98520
7.94188
7.88797
7.82080
7.74135
7.64818
7.54299
7.42730
7.30063
7.16410
7.01777
6.86069
6.69186
6.51537
6.32979
6.13718
5.93780
5.72921
5.51297
5.28921
5.05961
4.82348
4.58405
4.33899
4.08841
3.83175
3.57051
3.30662
3.03872
2.77174
2.50183
2.22974
1.95576
1.67851
1.40010
1.11986
0.83790
0.55373
0.26818
-0.01980
-0.31002
-0.60463
-0.89885
-1.19255
-1.48851
-1.78373
-2.08165
-2.38026
-2.68028
-2.98070
-3.27943
-3.57744
-3.87553
-4.16981
-4.46316
-4.75368
-5.04056
-5.32356
-5.60131
-5.87301
-6.13883
-6.39868
-6.65097
-6.89340
-7.12580
-7.34701
-7.55739
-7.75727
-7.94218
-8.11612
-8.27385
-8.41733
-8.54673
-8.66277
-8.76747
-8.85896
-8.93713
-8.99978
-9.04738
-9.08135
-9.10156
-9.10864
-9.10240
-9.08209
-9.04621
-8.99697
-8.93322
-8.85817
-8.76945
-8.66811
-8.55355
-8.42663
-8.28784
-8.13853
-7.97790
-7.80517
-7.62081
-7.42390
-7.21657
-6.99734
-6.76919
-6.53092
-6.28418
-6.02485
-5.75794
-5.48243
-5.20176
-4.91149
-4.61826
-4.31747
-4.01097
-3.70314
-3.38896
-3.07330
-2.75476
-2.43506
-2.11487
-1.79442
-1.47530
-1.15554
-0.83840
-0.52273
-0.21026
0.09692
0.40424
0.70651
1.00726
1.30396
1.59755
1.88820
2.17413
2.46105
2.74347
3.02489
3.30164
3.57713
3.84989
4.12045
4.39125
4.66122
4.92872
5.19561
5.45662
5.71490
5.97034
6.22134
6.46813
6.71023
6.94437
7.17271
7.39469
7.60761
7.81182
8.00674
8.18990
8.36181
8.52145
8.66897
8.80075
8.91895
9.02251
9.10688
9.17622
9.22606
9.25953
9.27642
9.27546
9.25745
9.22144
9.16952
9.09913
9.01283
8.91089
8.79258
8.66019
8.51142
8.35227
8.17589
7.98590
7.78512
7.56970
7.34236
7.10397
6.85373
6.59562
6.32775
6.05264
5.77111
5.48262
5.18730
4.88686
4.57911
4.26990
3.95535
3.63757
3.31444
2.98987
2.66110
2.32903
1.99539
1.66017
1.31972
0.97878
0.63500
0.28987
-0.05734
-0.40749
-0.75491
-1.10271
-1.44835
-1.79459
-2.13875
-2.47886
-2.81546
-3.14849
-3.47493
-3.79689
-4.11246
-4.42338
-4.72971
-5.02620
-5.31457
-5.59754
-5.87117
-6.13748
-6.39527
-6.64454
-6.88652
-7.11593
-7.33786
-7.54925
-7.75095
-7.94204
-8.12630
-8.29750
-8.45618
-8.60236
-8.73970
-8.86316
-8.97709
-9.08000
-9.16941
-9.25006
-9.31914
-9.37784
-9.42655
-9.46509
-9.49034
-9.50423
-9.50628
-9.49637
-9.47332
-9.43885
-9.39049
-9.32977
-9.25410
-9.16394
-9.06054
-8.94429
-8.81477
-8.67282
-8.51809
-8.34724
-8.16476
-7.96814
-7.76174
-7.54200
-7.31386
-7.07332
-6.82279
-6.56257
-6.29315
-6.01707
-5.73642
-5.45009
-5.15845
-4.86052
-4.55697
-4.24970
-3.94064
-3.62987
-3.31892
-3.01021
-2.70001
-2.39051
-2.08141
-1.77440
-1.47101
-1.17248
-0.87716
-0.58578
-0.29753
-0.01016
0.27260
0.55427
0.83136
1.10642
1.37843
1.65150
1.92075
2.19032
2.45752
2.72440
2.98976
3.25623
3.52300
3.79092
4.05668
4.32322
4.58908
4.85242
5.11327
5.37162
5.62521
5.87495
6.11862
6.35575
6.58444
6.80719
7.02165
7.22661
7.42078
7.60431
7.77445
7.93234
8.07583
8.20381
8.31522
8.41137
8.48883
8.54937
8.59184
8.61566
8.62025
8.60694
8.57534
8.52354
8.45391
8.36987
8.26827
8.15085
8.01703
7.87036
7.70795
7.53515
7.35011
7.15814
6.95583
6.74476
6.52580
6.30224
6.07216
5.83922
5.60019
5.36028
5.11704
4.87179
4.62399
4.37492
4.12475
3.87334
3.61930
3.36449
3.10617
2.84557
2.58504
2.32204
2.05820
1.79240
1.52347
1.25131
0.97628
0.69785
0.41702
0.13311
-0.15273
-0.44096
-0.73232
-1.02463
-1.31855
-1.61521
-1.91324
-2.20962
-2.50883
-2.80561
-3.10247
-3.39691
-3.68884
-3.97753
-4.26097
-4.53669
-4.80893
-5.07258
-5.32819
-5.57973
-5.82463
-6.06000
-6.28775
-6.50602
-6.71452
-6.91423
-7.10428
-7.28552
-7.45776
-7.61965
-7.77068
-7.91143
-8.04236
-8.16376
-8.27276
-8.37103
-8.45797
-8.53220
-8.59541
-8.64571
-8.68573
-8.71093
-8.72539
-8.72556
-8.71152
-8.68408
-8.64231
-8.58768
-8.51601
-8.42866
-8.32809
-8.21111
-8.07897
-7.93288
-7.77146
-7.59584
-7.40637
-7.20299
-6.98646
-6.75842
-6.51863
-6.26871
-6.00800
-5.73721
-5.45830
-5.17266
-4.88084
-4.58359
-4.28085
-3.97581
-3.66916
-3.36131
-3.05184
-2.74560
-2.43859
-2.13429
-1.83124
-1.52928
-1.23245
-0.93847
-0.64685
-0.35782
-0.07222
0.21242
0.49477
0.77425
1.05226
1.33052
1.60753
1.88630
2.16291
2.43909
2.71320
2.98475
3.25512
3.52471
3.79280
4.05937
4.32516
4.58533
4.84318
5.09596
5.34636
5.59161
5.83109
6.06461
6.28836
6.50377
6.70755
6.90119
7.08180
7.25004
7.40268
7.54032
7.66287
7.76660
7.85474
7.92480
7.97502
8.00509
8.01691
8.00771
7.98215
7.93621
7.86929
7.78435
7.67936
7.55591
7.41237
7.25474
7.07929
6.88912
6.68501
6.46530
6.23462
5.99017
5.73663
5.47472
5.20265
4.92694
4.64446
4.35954
4.07333
3.78837
3.50329
3.22085
2.94316
2.66967
2.40101
2.14107
1.88752
1.63942
1.40086
1.16702
0.94033
0.72007
0.50616
0.29837
0.09663
-0.10183
-0.29455
-0.48516
-0.67121
-0.85485
-1.03554
-1.21423
-1.38991
-1.56591
-1.73992
-1.91781
-2.09584
-2.27577
-2.45791
-2.64342
-2.82942
-3.01893
-3.21123
-3.40902
-3.60760
-3.80797
-4.01129
-4.21536
-4.42022
-4.62608
-4.83301
-5.03963
-5.24690
-5.45135
-5.65149
-5.84983
-6.04572
-6.23678
-6.42307
-6.60420
-6.77819
-6.94505
-7.10167
-7.25262
-7.39177
-7.52072
-7.63970
-7.74906
-7.84489
-7.92958
-8.00014
-8.05960
-8.10477
-8.13525
-8.15314
-8.15575
-8.14412
-8.11669
-8.07401
-8.01546
-7.94068
-7.84963
-7.74397
-7.62062
-7.48474
-7.33134
-7.16640
-6.98558
-6.79054
-6.58386
-6.36631
-6.13641
-5.89550
-5.64482
-5.38534
-5.11788
-4.84338
-4.56367
-4.27868
-3.99209
-3.70094
-3.40970
-3.11866
-2.83127
-2.54448
-2.26334
-1.98541
-1.71232
-1.44419
-1.18150
-0.92633
-0.67587
-0.43190
-0.19417
0.04004
0.27028
0.49666
0.71971
0.93819
1.15519
1.37089
1.58605
1.80161
2.01949
2.23578
2.45494
2.67347
2.89457
3.11767
3.34213
3.56492
3.78817
4.01003
4.22941
4.44803
4.66469
4.87829
5.08824
5.29543
5.49655
5.69278
5.88467
6.06948
6.24776
6.41752
6.57914
6.73291
6.87584
7.00569
7.12610
7.23101
7.32154
7.40034
7.46139
7.51198
7.54557
7.56506
7.56633
7.55173
7.51889
7.47313
7.40833
7.32950
7.23412
7.11953
6.98884
6.84493
6.68526
6.51224
6.32488
6.12589
5.91427
5.69201
5.46269
5.22644
4.98632
4.74066
4.49127
4.24078
3.98731
3.73408
3.48140
3.23097
2.98131
2.73507
2.49163
2.25199
2.01713
1.78678
1.56236
1.34094
1.12406
0.91129
0.70147
0.49590
0.29188
0.09032
-0.10764
-0.30588
-0.50248
-0.69974
-0.89635
-1.09367
-1.29048
-1.48720
-1.68629
-1.88707
-2.08988
-2.29377
-2.50092
-2.71123
-2.92356
-3.13820
-3.35629
-3.57814
-3.80103
-4.02259
-4.24478
-4.46626
-4.68807
-4.90817
-5.12664
-5.34291
-5.55526
-5.76415
-5.96994
-6.17034
-6.36437
-6.55233
-6.73147
-6.90154
-7.06277
-7.21564
-7.35773
-7.48684
-7.60664
-7.71311
-7.80573
-7.88790
-7.95713
-8.01410
-8.05507
-8.08237
-8.09718
-8.09596
-8.08358
-8.05723
-8.01529
-7.95978
-7.88800
-7.80294
-7.70551
-7.59354
-7.46967
-7.33084
-7.18099
-7.01777
-6.84374
-6.66115
-6.46791
-6.26529
-6.05334
-5.83378
-5.60632
-5.37025
-5.12885
-4.87911
-4.62619
-4.36621
-4.10291
-3.83429
-3.56186
-3.28460
-3.00459
-2.72272
-2.43747
-2.15539
-1.87205
-1.58800
-1.30620
-1.02841
-0.75504
-0.48411
-0.21687
0.04627
0.30633
0.56269
0.81652
1.06680
1.31199
1.55483
1.79579
2.03570
2.27247
2.51033
2.74621
2.98206
3.21865
3.45316
3.68979
3.92676
4.16357
4.40025
4.63511
4.86973
5.10123
5.33068
5.55618
5.77727
5.99078
6.19767
6.39721
6.58482
6.76200
6.92720
7.07648
7.21148
7.33201
7.43383
7.51860
7.58695
7.63565
7.66585
7.67631
7.66874
7.64170
7.59539
7.53064
7.44645
7.34274
7.22122
7.08239
6.92898
6.76126
6.57866
6.38137
6.17202
5.95339
5.72309
5.48505
5.23992
4.99199
4.73674
4.48047
4.22174
3.96281
3.70327
3.44569
3.19058
2.93773
2.68794
2.44214
2.19838
1.96001
1.72514
1.49249
1.26335
1.03683
0.81313
0.58828
0.36752
0.14797
-0.07157
-0.29038
-0.50860
-0.72872
-0.94885
-1.17046
-1.39289
-1.61700
-1.84180
-2.06992
-2.29654
-2.52608
-2.75446
-2.98112
-3.21161
-3.43858
-3.66467
-3.88923
-4.10936
-4.32801
-4.54052
-4.74943
-4.95319
-5.14847
-5.33684
-5.51959
-5.69432
-5.86261
-6.02267
-6.17821
-6.32694
-6.46957
-6.60513
-6.73516
-6.85822
-6.97247
-7.08049
-7.18121
-7.27387
-7.35658
-7.43370
-7.50058
-7.55780
-7.60654
-7.64573
-7.67264
-7.69006
-7.69296
-7.68657
-7.66611
-7.63216
-7.58602
-7.52392
-7.44953
-7.35848
-7.25554
-7.13812
-7.00526
-6.86218
-6.70741
-6.54071
-6.36441
-6.17581
-5.97880
-5.77321
-5.55929
-5.33809
-5.10921
-4.87425
-4.63412
-4.39080
-4.14266
-3.89345
-3.64201
-3.39024
-3.13763
-2.88501
-2.63392
-2.38277
