
0.00000
0.00000
0.00003
0.00011
0.00047
0.00129
0.00276
0.00492
0.00775
0.01096
0.01433
0.01770
0.02112
0.02475
0.02866
0.03286
0.03739
0.04202
0.04672
0.05141
0.05605
0.06068
0.06543
0.07030
0.07518
0.08003
0.08483
0.08946
0.09405
0.09859
0.10307
0.10748
0.11184
0.11611
0.12025
0.12421
0.12800
0.13165
0.13527
0.13881
0.14222
0.14545
0.14842
0.15118
0.15374
0.15625
0.15861
0.16081
0.16276
0.16441
0.16582
0.16706
0.16818
0.16913
0.16989
0.17035
0.17050
0.17041
0.17013
0.16965
0.16898
0.16808
0.16691
0.16544
0.16374
0.16182
0.15969
0.15735
0.15477
0.15193
0.14881
0.14546
0.14187
0.13809
0.13408
0.12983
0.12538
0.12063
0.11564
0.11044
0.10505
0.09944
0.09365
0.08759
0.08138
0.07500
0.06847
0.06182
0.05506
0.04822
0.04127
0.03425
0.02715
0.02006
0.01293
0.00579
-0.00144
-0.00867
-0.01593
-0.02318
-0.03044
-0.03768
-0.04491
-0.05213
-0.05934
-0.06649
-0.07359
-0.08061
-0.08755
-0.09440
-0.10116
-0.10779
-0.11428
-0.12058
-0.12664
-0.13248
-0.13810
-0.14344
-0.14859
-0.15343
-0.15798
-0.16222
-0.16619
-0.16982
-0.17321
-0.17629
-0.17909
-0.18158
-0.18374
-0.18563
-0.18719
-0.18851
-0.18954
-0.19024
-0.19066
-0.19078
-0.19064
-0.19026
-0.18963
-0.18875
-0.18761
-0.18623
-0.18458
-0.18271
-0.18061
-0.17824
-0.17566
-0.17285
-0.16980
-0.16644
-0.16290
-0.15910
-0.15507
-0.15083
-0.14638
-0.14162
-0.13668
-0.13150
-0.12608
-0.12053
-0.11482
-0.10893
-0.10285
-0.09662
-0.09028
-0.08386
-0.07732
-0.07070
-0.06404
-0.05729
-0.05051
-0.04370
-0.03684
-0.02997
-0.02310
-0.01622
-0.00940
-0.00257
0.00423
0.01107
0.01785
0.02460
0.03130
0.03796
0.04455
0.05111
0.05760
0.06394
0.07023
0.07638
0.08247
0.08841
0.09424
0.09991
0.10544
0.11086
0.11608
0.12120
0.12613
0.13091
0.13556
0.13999
0.14428
0.14842
0.15239
0.15614
0.15978
0.16319
0.16635
0.16932
0.17199
0.17449
0.17671
0.17865
0.18032
0.18171
0.18281
0.18362
0.18418
0.18443
0.18437
0.18398
0.18333
0.18238
0.18116
0.17970
0.17794
0.17586
0.17357
0.17102
0.16820
0.16511
0.16179
0.15824
0.15444
0.15041
0.14621
0.14176
0.13716
0.13232
0.12732
0.12211
0.11674
0.11121
0.10549
0.09960
0.09361
0.08743
0.08115
0.07470
0.06815
0.06146
0.05472
0.04784
0.04093
0.03396
0.02692
0.01981
0.01268
0.00551
-0.00161
-0.00871
-0.01580
-0.02282
-0.02980
-0.03670
-0.04349
-0.05017
-0.05672
-0.06313
-0.06936
-0.07548
-0.08146
-0.08731
-0.09290
-0.09840
-0.10367
-0.10879
-0.11370
-0.11840
-0.12293
-0.12727
-0.13138
-0.13529
-0.13906
-0.14258
-0.14590
-0.14900
-0.15188
-0.15456
-0.15702
-0.15921
-0.16114
-0.16283
-0.16425
-0.16544
-0.16641
-0.16711
-0.16755
-0.16780
-0.16775
-0.16753
-0.16701
-0.16628
-0.16535
-0.16418
-0.16281
-0.16121
-0.15937
-0.15738
-0.15516
-0.15271
-0.15005
-0.14716
-0.14411
-0.14085
-0.13744
-0.13383
-0.13003
-0.12608
-0.12196
-0.11766
-0.11325
-0.10871
-0.10406
-0.09927
-0.09440
-0.08934
-0.08415
-0.07892
-0.07360
-0.06823
-0.06279
-0.05731
-0.05181
-0.04621
-0.04059
-0.03496
-0.02934
-0.02369
-0.01799
-0.01229
-0.00657
-0.00080
0.00491
0.01065
0.01639
0.02211
0.02780
0.03346
0.03912
0.04468
0.05017
0.05565
0.06105
0.06643
0.07170
0.07692
0.08202
0.08703
0.09197
0.09684
0.10159
0.10620
0.11073
0.11508
0.11933
0.12345
0.12742
0.13126
0.13496
0.13846
0.14175
0.14496
0.14794
0.15078
0.15344
0.15593
0.15817
0.16024
0.16212
0.16383
0.16528
0.16658
0.16765
0.16850
0.16909
0.16943
0.16955
0.16941
0.16904
0.16840
0.16754
0.16635
0.16494
0.16330
0.16137
0.15924
0.15684
0.15421
0.15134
0.14828
0.14501
0.14156
0.13794
0.13409
0.13007
0.12586
0.12149
0.11694
0.11226
0.10740
0.10243
0.09727
0.09200
0.08660
0.08113
0.07552
0.06981
0.06401
0.05808
0.05209
0.04595
0.03978
0.03350
0.02722
0.02084
0.01441
0.00797
0.00151
-0.00502
-0.01148
-0.01803
-0.02455
-0.03113
-0.03769
-0.04420
-0.05065
-0.05703
-0.06335
-0.06951
-0.07559
-0.08155
-0.08734
-0.09295
-0.09846
-0.10378
-0.10891
-0.11386
-0.11866
-0.12325
-0.12761
-0.13169
-0.13559
-0.13927
-0.14273
-0.14599
-0.14899
-0.15183
-0.15441
-0.15678
-0.15891
-0.16082
-0.16253
-0.16403
-0.16530
-0.16634
-0.16718
-0.16781
-0.16819
-0.16838
-0.16832
-0.16804
-0.16755
-0.16676
-0.16578
-0.16456
-0.16311
-0.16143
-0.15946
-0.15733
-0.15495
-0.15236
-0.14954
-0.14651
-0.14326
-0.13983
-0.13616
-0.13229
-0.12817
-0.12382
-0.11931
-0.11458
-0.10969
-0.10459
-0.09934
-0.09390
-0.08830
-0.08259
-0.07674
-0.07075
-0.06468
-0.05855
-0.05228
-0.04597
-0.03955
-0.03311
-0.02662
-0.02016
-0.01368
-0.00721
-0.00070
0.00577
0.01228
0.01870
0.02510
0.03145
0.03774
0.04396
0.05014
0.05623
0.06232
0.06829
0.07411
0.07986
0.08546
0.09102
0.09643
0.10179
0.10697
0.11202
0.11689
0.12159
0.12614
0.13054
0.13481
0.13879
0.14264
0.14626
0.14968
0.15289
0.15588
0.15867
0.16127
0.16365
0.16573
0.16759
0.16921
0.17062
0.17180
0.17267
0.17333
0.17372
0.17381
0.17362
0.17315
0.17241
0.17139
0.17007
0.16850
0.16666
0.16458
0.16222
0.15958
0.15673
0.15362
0.15024
0.14669
0.14290
0.13888
0.13464
0.13023
0.12563
0.12085
0.11595
0.11088
0.10570
0.10036
0.09488
0.08928
0.08361
0.07780
0.07191
0.06595
0.05989
0.05377
0.04762
0.04139
0.03522
0.02898
0.02276
0.01659
0.01037
0.00420
-0.00191
-0.00800
-0.01403
-0.01998
-0.02585
-0.03168
-0.03744
-0.04314
-0.04871
-0.05415
-0.05952
-0.06481
-0.06995
-0.07502
-0.07995
-0.08481
-0.08945
-0.09398
-0.09845
-0.10277
-0.10696
-0.11099
-0.11488
-0.11863
-0.12226
-0.12575
-0.12905
-0.13224
-0.13525
-0.13805
-0.14068
-0.14311
-0.14539
-0.14746
-0.14937
-0.15107
-0.15260
-0.15389
-0.15498
-0.15584
-0.15654
-0.15695
-0.15719
-0.15720
-0.15693
-0.15645
-0.15575
-0.15483
-0.15374
-0.15240
-0.15085
-0.14907
-0.14710
-0.14491
-0.14253
-0.13994
-0.13716
-0.13419
-0.13106
-0.12776
-0.12431
-0.12066
-0.11686
-0.11289
-0.10879
-0.10449
-0.10006
-0.09553
-0.09083
-0.08600
-0.08103
-0.07599
-0.07083
-0.06559
-0.06026
-0.05481
-0.04937
-0.04382
-0.03823
-0.03256
-0.02692
-0.02124
-0.01555
-0.00987
-0.00417
0.00152
0.00725
0.01297
0.01863
0.02428
0.02987
0.03542
0.04095
0.04637
0.05178
0.05706
0.06230
0.06746
0.07248
0.07746
0.08234
0.08707
0.09169
0.09619
0.10054
0.10482
0.10898
0.11299
0.11684
0.12056
0.12414
0.12756
0.13088
0.13403
0.13702
0.13985
0.14249
0.14490
0.14724
0.14936
0.15133
0.15313
0.15467
0.15602
0.15718
0.15810
0.15887
0.15940
0.15975
0.15981
0.15965
0.15922
0.15857
0.15772
0.15666
0.15532
0.15374
0.15189
0.14979
0.14751
0.14500
0.14228
0.13937
0.13624
0.13292
0.12940
0.12573
0.12188
0.11793
0.11380
0.10948
0.10505
0.10047
0.09580
0.09105
0.08618
0.08122
0.07611
0.07093
0.06566
0.06037
0.05506
0.04968
0.04430
0.03886
0.03331
0.02782
0.02224
0.01665
0.01101
0.00535
-0.00040
-0.00616
-0.01198
-0.01783
-0.02365
-0.02955
-0.03539
-0.04132
-0.04726
-0.05321
-0.05917
-0.06512
-0.07102
-0.07696
-0.08278
-0.08860
-0.09438
-0.10009
-0.10572
-0.11121
-0.11662
-0.12189
-0.12706
-0.13205
-0.13688
-0.14147
-0.14588
-0.15006
-0.15402
-0.15771
-0.16115
-0.16430
-0.16714
-0.16973
-0.17202
-0.17410
-0.17591
-0.17746
-0.17872
-0.17967
-0.18033
-0.18073
-0.18087
-0.18075
-0.18034
-0.17964
-0.17864
-0.17740
-0.17589
-0.17413
-0.17212
-0.16985
-0.16734
-0.16456
-0.16160
-0.15843
-0.15499
-0.15133
-0.14740
-0.14330
-0.13894
-0.13443
-0.12969
-0.12478
-0.11964
-0.11433
-0.10887
-0.10328
-0.09753
-0.09168
-0.08572
-0.07966
-0.07352
-0.06728
-0.06102
-0.05469
-0.04835
-0.04198
-0.03563
-0.02928
-0.02294
-0.01665
-0.01037
-0.00416
0.00195
0.00806
0.01404
0.02002
0.02592
0.03175
0.03750
0.04319
0.04888
0.05449
0.06008
0.06558
0.07104
0.07646
0.08183
0.08722
0.09259
0.09790
0.10319
0.10835
0.11350
0.11857
0.12354
0.12845
0.13325
0.13792
0.14245
0.14685
0.15108
0.15516
0.15903
0.16267
0.16608
0.16924
0.17216
0.17480
0.17713
0.17919
0.18087
0.18224
0.18324
0.18390
0.18423
0.18421
0.18386
0.18314
0.18212
0.18071
0.17900
0.17696
0.17462
0.17200
0.16906
0.16587
0.16238
0.15861
0.15461
0.15035
0.14582
0.14107
0.13612
0.13101
0.12567
0.12022
0.11462
0.10889
0.10303
0.09708
0.09095
0.08482
0.07855
0.07225
0.06585
0.05938
0.05286
0.04626
0.03964
0.03296
0.02623
0.01945
0.01262
0.00576
-0.00113
-0.00808
-0.01498
-0.02190
-0.02876
-0.03562
-0.04246
-0.04923
-0.05590
-0.06252
-0.06900
-0.07538
-0.08165
-0.08782
-0.09390
-0.09981
-0.10552
-0.11115
-0.11658
-0.12185
-0.12700
-0.13194
-0.13673
-0.14131
-0.14570
-0.14991
-0.15390
-0.15770
-0.16136
-0.16475
-0.16790
-0.17080
-0.17354
-0.17600
-0.17826
-0.18029
-0.18209
-0.18367
-0.18505
-0.18621
-0.18718
-0.18795
-0.18846
-0.18874
-0.18876
-0.18856
-0.18812
-0.18744
-0.18648
-0.18527
-0.18377
-0.18200
-0.17992
-0.17761
-0.17502
-0.17222
-0.16914
-0.16576
-0.16212
-0.15820
-0.15413
-0.14977
-0.14522
-0.14046
-0.13548
-0.13031
-0.12494
-0.11947
-0.11390
-0.10822
-0.10243
-0.09651
-0.09047
-0.08440
-0.07825
-0.07205
-0.06589
-0.05976
-0.05361
-0.04746
-0.04133
-0.03523
-0.02919
-0.02328
-0.01740
-0.01160
-0.00591
-0.00021
0.00542
0.01103
0.01652
0.02198
0.02740
0.03281
0.03817
0.04350
0.04884
0.05411
0.05939
0.06468
0.06996
0.07528
0.08056
0.08588
0.09115
0.09639
0.10156
0.10670
0.11172
0.11668
0.12152
0.12623
0.13077
0.13520
0.13948
0.14353
0.14739
0.15103
0.15440
0.15754
0.16039
0.16293
0.16514
0.16705
0.16859
0.16979
0.17064
0.17112
0.17121
0.17094
0.17031
0.16928
0.16791
0.16622
0.16420
0.16187
0.15923
0.15631
0.15307
0.14967
0.14598
0.14216
0.13816
0.13395
0.12959
0.12517
0.12060
0.11598
0.11124
0.10645
0.10163
0.09674
0.09184
0.08690
0.08195
0.07694
0.07189
0.06683
0.06169
0.05653
0.05135
0.04614
0.04088
0.03560
0.03027
0.02488
0.01941
0.01388
0.00830
0.00267
-0.00302
-0.00876
-0.01452
-0.02033
-0.02616
-0.03207
-0.03798
-0.04389
-0.04983
-0.05571
-0.06160
-0.06743
-0.07325
-0.07898
-0.08459
-0.09009
-0.09547
-0.10071
-0.10579
-0.11080
-0.11566
-0.12033
-0.12486
-0.12919
-0.13333
-0.13729
-0.14108
-0.14466
-0.14807
-0.15131
-0.15430
-0.15710
-0.15971
-0.16211
-0.16428
-0.16623
-0.16796
-0.16942
-0.17067
-0.17169
-0.17248
-0.17298
-0.17327
-0.17327
-0.17298
-0.17243
-0.17161
-0.17051
-0.16912
-0.16739
-0.16538
-0.16304
-0.16043
-0.15754
-0.15430
-0.15082
-0.14707
-0.14303
-0.13871
-0.13420
-0.12943
-0.12448
-0.11929
-0.11394
-0.10838
-0.10271
-0.09693
-0.09102
-0.08501
-0.07894
-0.07285
-0.06672
-0.06058
-0.05450
-0.04841
-0.04236
-0.03636
-0.03036
-0.02445
-0.01863
-0.01283
-0.00709
-0.00143
0.00421
0.00983
0.01538
0.02089
0.02641
0.03194
0.03747
0.04296
0.04845
0.05389
0.05929
0.06464
0.07000
0.07532
0.08063
0.08589
0.09108
0.09618
0.10121
0.10618
0.11106
0.11581
0.12044
0.12490
0.12916
0.13322
0.13707
0.14065
0.14399
0.14701
0.14974
0.15221
0.15425
0.15600
0.15738
0.15838
0.15899
0.15922
0.15904
0.15854
0.15762
0.15630
0.15460
0.15252
0.15008
0.14723
0.14406
0.14060
0.13683
0.13276
0.12842
0.12380
0.11897
0.11393
0.10875
0.10333
0.09787
0.09224
0.08658
0.08090
0.07526
0.06960
0.06399
0.05847
0.05302
0.04768
0.04254
0.03749
0.03256
0.02783
0.02319
0.01870
0.01431
0.01007
0.00595
0.00193
-0.00202
-0.00584
-0.00962
-0.01331
-0.01694
-0.02055
-0.02410
-0.02760
-0.03108
-0.03454
-0.03806
-0.04160
-0.04518
-0.04880
-0.05247
-0.05618
-0.05993
-0.06375
-0.06768
-0.07165
-0.07560
-0.07965
-0.08370
-0.08777
-0.09185
-0.09597
-0.10007
-0.10415
-0.10824
-0.11222
-0.11618
-0.12003
-0.12384
-0.12755
-0.13112
-0.13459
-0.13789
-0.14103
-0.14400
-0.14679
-0.14934
-0.15169
-0.15388
-0.15576
-0.15747
-0.15887
-0.16003
-0.16094
-0.16156
-0.16189
-0.16194
-0.16171
-0.16116
-0.16032
-0.15917
-0.15768
-0.15589
-0.15377
-0.15132
-0.14861
-0.14559
-0.14231
-0.13869
-0.13484
-0.13073
-0.12642
-0.12185
-0.11706
-0.11209
-0.10693
-0.10162
-0.09618
-0.09062
-0.08495
-0.07925
-0.07349
-0.06769
-0.06192
-0.05621
-0.05052
-0.04493
-0.03941
-0.03400
-0.02867
-0.02347
-0.01838
-0.01342
-0.00857
-0.00384
0.00081
0.00539
0.00986
0.01431
0.01866
0.02294
0.02724
0.03152
0.03579
0.04012
0.04442
0.04876
0.05311
0.05752
0.06194
0.06637
0.07080
0.07523
0.07964
0.08402
0.08834
0.09263
0.09687
0.10106
0.10517
0.10917
0.11305
0.11687
0.12056
0.12410
0.12747
0.13066
0.13375
0.13655
0.13915
0.14153
0.14363
0.14542
0.14698
0.14819
0.14919
0.14985
0.15025
0.15027
0.14996
0.14933
0.14842
0.14713
0.14557
0.14364
0.14140
0.13882
0.13594
0.13277
0.12933
0.12563
0.12167
0.11744
0.11304
0.10850
0.10380
0.09903
0.09415
0.08922
0.08422
0.07921
0.07417
0.06916
0.06417
0.05922
0.05433
0.04950
0.04474
0.04008
0.03549
0.03102
0.02663
0.02232
0.01810
0.01393
0.00986
0.00580
0.00182
-0.00213
-0.00606
-0.00996
-0.01389
-0.01780
-0.02170
-0.02560
-0.02952
-0.03348
-0.03745
-0.04150
-0.04553
-0.04964
-0.05383
-0.05805
-0.06231
-0.06664
-0.07104
-0.07548
-0.07986
-0.08430
-0.08868
-0.09309
-0.09745
-0.10180
-0.10608
-0.11032
-0.11447
-0.11852
-0.12251
-0.12636
-0.13010
-0.13367
-0.13704
-0.14024
-0.14327
-0.14608
-0.14867
-0.15104
-0.15314
-0.15500
-0.15663
-0.15802
-0.15913
-0.15994
-0.16050
-0.16079
-0.16078
-0.16051
-0.16002
-0.15917
-0.15805
-0.15665
-0.15495
-0.15301
-0.15080
-0.14833
-0.14556
-0.14257
-0.13933
-0.13589
-0.13226
-0.12843
-0.12440
-0.12019
-0.11584
-0.11132
-0.10663
-0.10185
-0.09686
-0.09185
-0.08669
-0.08145
-0.07613
-0.07073
-0.06519
-0.05963
-0.05404
-0.04841
-0.04279
-0.03715
-0.03152
-0.02593
-0.02042
-0.01498
-0.00961
-0.00429
0.00094
0.00610
0.01119
0.01623
0.02120
0.02609
0.03090
0.03569
0.04044
0.04514
0.04985
0.05454
0.05920
0.06392
0.06857
0.07330
0.07800
0.08270
0.08738
0.09205
0.09674
0.10132
0.10589
0.11035
0.11473
0.11897
0.12310
0.12705
0.13079
0.13430
0.13758
0.14058
0.14323
0.14561
0.14763
0.14933
0.15069
0.15165
0.15224
0.15246
0.15232
0.15177
0.15084
0.14957
0.14792
0.14583
0.14344
0.14066
0.13761
0.13429
0.13064
0.12674
0.12259
0.11823
0.11367
0.10895
0.10408
0.09914
0.09407
0.08898
0.08386
0.07869
0.07356
0.06843
0.06338
0.05836
0.05338
0.04852
0.04367
0.03894
0.03427
0.02966
0.02510
0.02061
0.01617
0.01171
0.00734
0.00297
-0.00140
-0.00574
-0.01009
-0.01446
-0.01882
-0.02324
-0.02765
-0.03210
-0.03656
-0.04108
-0.04561
-0.05014
-0.05469
-0.05918
-0.06377
-0.06828
-0.07276
-0.07720
-0.08159
-0.08593
-0.09015
-0.09432
-0.09834
-0.10224
-0.10597
-0.10958
-0.11307
-0.11640
-0.11959
-0.12268
-0.12563
-0.12846
-0.13117
-0.13372
-0.13615
-0.13846
-0.14060
-0.14261
-0.14443
-0.14609
-0.14761
-0.14894
-0.15008
-0.15104
-0.15179
-0.15236
-0.15270
-0.15277
-0.15264
-0.15223
-0.15155
-0.15062
-0.14941
-0.14791
-0.14612
-0.14406
-0.14173
-0.13911
-0.13623
-0.13317
-0.12986
-0.12637
-0.12262
-0.11872
-0.11461
-0.11040
-0.10598
-0.10143
-0.09680
-0.09201
-0.08717
-0.08227
-0.07729
-0.07232
-0.06733
-0.06228
-0.05729
-0.05231
-0.04730
