
0.00000
0.00000
0.01270
0.07863
0.19924
0.35038
0.48955
0.58187
0.63177
0.67354
0.73602
0.82474
0.92721
1.02484
1.10438
1.16406
1.21576
1.27270
1.34142
1.41746
1.48856
1.54744
1.59544
1.63974
1.68630
1.73694
1.78775
1.83149
1.86566
1.89538
1.92748
1.96221
1.99330
2.01607
2.03164
2.04532
2.06112
2.07753
2.09059
2.09772
2.09733
2.09178
2.08600
2.08260
2.07851
2.06898
2.05247
2.03048
2.00540
1.98077
1.95564
1.92839
1.89691
1.86012
1.81954
1.77638
1.73262
1.68781
1.64096
1.59089
1.53738
1.48148
1.42299
1.36258
1.30108
1.23960
1.17681
1.11195
1.04423
0.97391
0.90191
0.82966
0.75767
0.68487
0.61138
0.53669
0.45975
0.38117
0.30248
0.22350
0.14503
0.06813
-0.00861
-0.08626
-0.16598
-0.24472
-0.32165
-0.39699
-0.47097
-0.54490
-0.61931
-0.69402
-0.76806
-0.83918
-0.90753
-0.97306
-1.03801
-1.10358
-1.16841
-1.23152
-1.29193
-1.35016
-1.40499
-1.45704
-1.50832
-1.55889
-1.60788
-1.65454
-1.69713
-1.73596
-1.77300
-1.80886
-1.84285
-1.87412
-1.90210
-1.92693
-1.94835
-1.96761
-1.98490
-1.99980
-2.01228
-2.02193
-2.02889
-2.03243
-2.03308
-2.03021
-2.02412
-2.01546
-2.00513
-1.99286
-1.97696
-1.95905
-1.93818
-1.91352
-1.88592
-1.85601
-1.82365
-1.78914
-1.75172
-1.71242
-1.66963
-1.62550
-1.57898
-1.53071
-1.47968
-1.42675
-1.37151
-1.31394
-1.25460
-1.19387
-1.13167
-1.06807
-1.00274
-0.93606
-0.86842
-0.79865
-0.72749
-0.65534
-0.58234
-0.50837
-0.43384
-0.35884
-0.28370
-0.20679
-0.12961
-0.05223
0.02422
0.09986
0.17644
0.25389
0.33183
0.40924
0.48533
0.55914
0.63171
0.70442
0.77780
0.85084
0.92223
0.99120
1.05700
1.12188
1.18596
1.25079
1.31484
1.37576
1.43248
1.48558
1.53657
1.58722
1.63817
1.68781
1.73264
1.77274
1.80977
1.84446
1.87846
1.91070
1.93916
1.96364
1.98486
2.00334
2.01942
2.03311
2.04345
2.04930
2.05264
2.05309
2.05171
2.04796
2.04081
2.02984
2.01528
1.99825
1.97961
1.95791
1.93353
1.90583
1.87463
1.84106
1.80490
1.76734
1.72685
1.68380
1.63791
1.58976
1.53942
1.48874
1.43636
1.38132
1.32356
1.26264
1.20107
1.13819
1.07523
1.01023
0.94294
0.87364
0.80330
0.73322
0.66261
0.59068
0.51715
0.44223
0.36683
0.29166
0.21737
0.14346
0.06787
-0.00859
-0.08539
-0.16015
-0.23353
-0.30648
-0.38088
-0.45569
-0.53129
-0.60529
-0.67690
-0.74497
-0.81129
-0.87840
-0.94637
-1.01386
-1.07944
-1.14251
-1.20287
-1.26113
-1.31864
-1.37682
-1.43286
-1.48600
-1.53630
-1.58407
-1.63061
-1.67653
-1.72176
-1.76401
-1.80282
-1.83763
-1.86936
-1.89900
-1.92805
-1.95501
-1.97889
-1.99858
-2.01525
-2.02925
-2.04100
-2.05004
-2.05691
-2.06107
-2.06178
-2.05858
-2.05180
-2.04394
-2.03437
-2.02164
-2.00529
-1.98564
-1.96258
-1.93689
-1.90813
-1.87736
-1.84460
-1.80977
-1.77273
-1.73229
-1.68877
-1.64249
-1.59352
-1.54358
-1.49297
-1.44082
-1.38537
-1.32519
-1.26204
-1.19865
-1.13502
-1.07129
-1.00533
-0.93673
-0.86518
-0.79099
-0.71630
-0.64193
-0.56846
-0.49393
-0.41696
-0.33831
-0.25831
-0.17816
-0.09819
-0.01847
0.06116
0.14009
0.21913
0.29866
0.37748
0.45617
0.53448
0.61184
0.68800
0.76199
0.83532
0.90840
0.98040
1.05105
1.12057
1.18772
1.25344
1.31745
1.37972
1.44012
1.49758
1.55281
1.60561
1.65653
1.70631
1.75342
1.79753
1.83838
1.87498
1.90890
1.94085
1.97044
1.99747
2.02117
2.04066
2.05682
2.06963
2.08022
2.08853
2.09375
2.09492
2.09201
2.08534
2.07577
2.06510
2.05180
2.03529
2.01460
1.99069
1.96388
1.93464
1.90329
1.86945
1.83158
1.79111
1.74812
1.70251
1.65433
1.60531
1.55445
1.50095
1.44472
1.38587
1.32437
1.26111
1.19670
1.13199
1.06585
0.99746
0.92710
0.85591
0.78347
0.70999
0.63594
0.56102
0.48532
0.40855
0.33098
0.25260
0.17404
0.09530
0.01736
-0.06036
-0.13838
-0.21700
-0.29558
-0.37415
-0.45172
-0.52737
-0.60139
-0.67484
-0.74932
-0.82286
-0.89502
-0.96571
-1.03398
-1.10015
-1.16460
-1.22695
-1.28768
-1.34612
-1.40412
-1.46119
-1.51590
-1.56829
-1.61758
-1.66353
-1.70692
-1.74847
-1.78820
-1.82673
-1.86298
-1.89635
-1.92588
-1.95164
-1.97475
-1.99686
-2.01794
-2.03631
-2.05039
-2.06041
-2.06665
-2.07008
-2.07159
-2.07201
-2.06997
-2.06451
-2.05571
-2.04353
-2.02792
-2.00954
-1.98937
-1.96659
-1.94144
-1.91306
-1.88176
-1.84811
-1.81263
-1.77489
-1.73355
-1.68882
-1.64205
-1.59400
-1.54454
-1.49197
-1.43632
-1.37853
-1.31856
-1.25757
-1.19560
-1.13218
-1.06744
-1.00085
-0.93196
-0.86202
-0.79116
-0.71966
-0.64715
-0.57311
-0.49722
-0.42078
-0.34398
-0.26786
-0.19258
-0.11667
-0.03949
0.03888
0.11867
0.19830
0.27608
0.35258
0.42727
0.50156
0.57693
0.65370
0.73156
0.80819
0.88228
0.95193
1.01869
1.08436
1.15129
1.21880
1.28505
1.34897
1.40919
1.46558
1.51883
1.57123
1.62338
1.67440
1.72305
1.76733
1.80739
1.84439
1.87888
1.91247
1.94491
1.97486
2.00089
2.02162
2.03763
2.05074
2.06277
2.07254
2.07972
2.08290
2.08211
2.07731
2.06944
2.05900
2.04615
2.03070
2.01196
1.98965
1.96409
1.93549
1.90581
1.87394
1.83883
1.80019
1.75847
1.71494
1.66879
1.62060
1.57089
1.51874
1.46414
1.40765
1.34851
1.28793
1.22564
1.16180
1.09649
1.02981
0.96158
0.89182
0.82048
0.74799
0.67423
0.60101
0.52738
0.45335
0.37784
0.30177
0.22480
0.14854
0.07241
-0.00369
-0.08003
-0.15676
-0.23336
-0.30868
-0.38293
-0.45716
-0.53202
-0.60739
-0.68157
-0.75349
-0.82315
-0.89209
-0.96044
-1.02832
-1.09535
-1.16084
-1.22359
-1.28328
-1.34196
-1.39957
-1.45642
-1.51102
-1.56277
-1.61066
-1.65623
-1.70007
-1.74344
-1.78521
-1.82367
-1.85830
-1.88949
-1.91866
-1.94533
-1.97001
-1.99225
-2.01102
-2.02706
-2.04069
-2.05165
-2.05930
-2.06455
-2.06548
-2.06349
-2.05943
-2.05315
-2.04469
-2.03233
-2.01683
-1.99842
-1.97770
-1.95547
-1.93084
-1.90244
-1.87072
-1.83533
-1.79854
-1.76062
-1.72201
-1.68082
-1.63742
-1.58904
-1.53748
-1.48459
-1.43047
-1.37606
-1.31858
-1.25920
-1.19781
-1.13427
-1.06954
-1.00398
-0.93627
-0.86696
-0.79598
-0.72434
-0.65098
-0.57761
-0.50341
-0.42933
-0.35394
-0.27710
-0.19959
-0.12227
-0.04541
0.03102
0.10786
0.18693
0.26575
0.34355
0.42001
0.49576
0.57102
0.64652
0.72165
0.79633
0.86973
0.94108
1.01111
1.08064
1.14865
1.21555
1.28119
1.34536
1.40713
1.46646
1.52409
1.57923
1.63279
1.68463
1.73416
1.78056
1.82467
1.86673
1.90665
1.94287
1.97544
2.00368
2.02908
2.05224
2.07390
2.09213
2.10674
2.11679
2.12211
2.12412
2.12370
2.12135
2.11667
2.10842
2.09608
2.07892
2.05751
2.03271
2.00605
1.97751
1.94712
1.91322
1.87473
1.83299
1.78735
1.74068
1.69305
1.64372
1.59171
1.53569
1.47642
1.41577
1.35421
1.29167
1.22784
1.16139
1.09127
1.01922
0.94661
0.87489
0.80344
0.73046
0.65493
0.57703
0.49791
0.41857
0.34062
0.26371
0.18574
0.10611
0.02408
-0.05717
-0.13738
-0.21531
-0.29267
-0.37016
-0.44922
-0.52838
-0.60677
-0.68324
-0.75720
-0.82951
-0.90117
-0.97248
-1.04288
-1.11161
-1.17877
-1.24390
-1.30761
-1.36924
-1.42825
-1.48444
-1.53854
-1.59034
-1.64024
-1.68781
-1.73228
-1.77390
-1.81276
-1.84916
-1.88343
-1.91576
-1.94480
-1.97059
-1.99223
-2.01189
-2.02883
-2.04348
-2.05552
-2.06442
-2.06991
-2.07320
-2.07363
-2.07232
-2.06694
-2.05794
-2.04596
-2.03182
-2.01574
-1.99715
-1.97574
-1.95036
-1.92178
-1.88995
-1.85632
-1.82257
-1.78829
-1.75134
-1.70975
-1.66334
-1.61382
-1.56424
-1.51486
-1.46505
-1.41356
-1.35769
-1.29774
-1.23532
-1.17248
-1.11073
-1.04881
-0.98479
-0.91754
-0.84765
-0.77766
-0.70811
-0.63839
-0.56745
-0.49461
-0.42036
-0.34594
-0.27188
-0.19832
-0.12470
-0.04935
0.02712
0.10407
0.17982
0.25486
0.32965
0.40396
0.47910
0.55479
0.63066
0.70597
0.77975
0.85250
0.92441
0.99542
1.06544
1.13486
1.20266
1.26939
1.33447
1.39742
1.45768
1.51535
1.57123
1.62523
1.67699
1.72724
1.77537
1.82005
1.86126
1.89920
1.93411
1.96673
1.99652
2.02362
2.04719
2.06629
2.08233
2.09560
2.10589
2.11278
2.11574
2.11485
2.11017
2.10293
2.09296
2.07962
2.06366
2.04408
2.02094
1.99413
1.96443
1.93186
1.89694
1.85943
1.81932
1.77672
1.73135
1.68351
1.63384
1.58069
1.52532
1.46788
1.40917
1.34824
1.28604
1.22195
1.15554
1.08671
1.01552
0.94467
0.87438
0.80286
0.73004
0.65549
0.58019
0.50418
0.42746
0.35030
0.27268
0.19506
0.11746
0.04080
-0.03546
-0.11140
-0.18755
-0.26483
-0.34237
-0.41797
-0.49208
-0.56461
-0.63631
-0.70848
-0.78031
-0.85120
-0.92031
-0.98718
-1.05230
-1.11656
-1.17887
-1.24039
-1.29997
-1.35831
-1.41416
-1.46758
-1.51956
-1.56948
-1.61724
-1.66193
-1.70455
-1.74580
-1.78454
-1.81978
-1.85214
-1.88166
-1.90815
-1.93360
-1.95713
-1.97793
-1.99638
-2.01124
-2.02252
-2.03090
-2.03670
-2.04116
-2.04261
-2.04101
-2.03642
-2.02879
-2.01880
-2.00675
-1.99164
-1.97277
-1.95073
-1.92535
-1.89726
-1.86757
-1.83576
-1.80130
-1.76295
-1.72200
-1.67853
-1.63394
-1.58738
-1.53816
-1.48553
-1.43008
-1.37203
-1.31295
-1.25349
-1.19269
-1.13019
-1.06510
-0.99783
-0.92888
-0.85943
-0.78963
-0.72006
-0.64926
-0.57695
-0.50241
-0.42706
-0.35189
-0.27719
-0.20278
-0.12866
-0.05371
0.02214
0.09888
0.17550
0.25131
0.32634
0.40048
0.47418
0.54778
0.62193
0.69680
0.77229
0.84645
0.91811
0.98760
1.05626
1.12554
1.19600
1.26586
1.33391
1.39763
1.45849
1.51809
1.57713
1.63525
1.69134
1.74495
1.79463
1.84050
1.88436
1.92560
1.96473
2.00079
2.03266
2.06059
2.08529
2.10795
2.12727
2.14344
2.15557
2.16310
2.16717
2.16760
2.16576
2.16165
2.15411
2.14246
2.12642
2.10648
2.08417
2.05952
2.03233
2.00207
1.96825
1.93073
1.89091
1.84920
1.80487
1.75746
1.70712
1.65413
1.59980
1.54427
1.48677
1.42757
1.36552
1.30118
1.23556
1.16940
1.10238
1.03452
0.96521
0.89360
0.81908
0.74372
0.66788
0.59181
0.51573
0.43850
0.35911
0.27857
0.19709
0.11575
0.03505
-0.04497
-0.12497
-0.20588
-0.28677
-0.36738
-0.44719
-0.52602
-0.60374
-0.68033
-0.75624
-0.83104
-0.90574
-0.97906
-1.04996
-1.11916
-1.18541
-1.24989
-1.31319
-1.37556
-1.43592
-1.49415
-1.54897
-1.60082
-1.64921
-1.69583
-1.74019
-1.78268
-1.82300
-1.86051
-1.89507
-1.92676
-1.95576
-1.98245
-2.00591
-2.02652
-2.04415
-2.05997
-2.07390
-2.08433
-2.09113
-2.09495
-2.09703
-2.09734
-2.09581
-2.09242
-2.08482
-2.07292
-2.05794
-2.04050
-2.02245
-2.00293
-1.98101
-1.95479
-1.92432
-1.89085
-1.85518
-1.81805
-1.77900
-1.73748
-1.69272
-1.64451
-1.59441
-1.54192
-1.48817
-1.43148
-1.37285
-1.31156
-1.24853
-1.18427
-1.11946
-1.05311
-0.98412
-0.91310
-0.84120
-0.76856
-0.69601
-0.62323
-0.54986
-0.47535
-0.39942
-0.32168
-0.24394
-0.16719
-0.09023
-0.01316
0.06425
0.14237
0.22039
0.29747
0.37319
0.44884
0.52524
0.60148
0.67745
0.75198
0.82517
0.89814
0.97098
1.04345
1.11430
1.18364
1.25151
1.31773
1.38245
1.44616
1.50788
1.56770
1.62495
1.67981
1.73212
1.78136
1.82834
1.87301
1.91498
1.95310
1.98743
2.01900
2.04729
2.07211
2.09415
2.11282
2.12788
2.13931
2.14745
2.15142
2.15129
2.14813
2.14227
2.13412
2.12256
2.10816
2.08961
2.06758
2.04252
2.01482
1.98492
1.95291
1.91855
1.88094
1.84089
1.79804
1.75256
1.70532
1.65576
1.60505
1.55169
1.49637
1.44011
1.38194
1.32312
1.26186
1.19910
1.13451
1.06962
1.00492
0.93934
0.87189
0.80323
0.73340
0.66247
0.59090
0.51858
0.44569
0.37141
0.29670
0.22112
0.14503
0.06795
-0.00920
-0.08777
-0.16694
-0.24531
-0.32299
-0.40090
-0.47901
-0.55735
-0.63548
-0.71350
-0.79060
-0.86729
-0.94279
-1.01649
-1.08804
-1.15868
-1.22855
-1.29698
-1.36388
-1.42801
-1.48968
-1.54794
-1.60386
-1.65779
-1.70941
-1.75843
-1.80485
-1.84887
-1.88915
-1.92465
-1.95668
-1.98644
-2.01435
-2.04052
-2.06358
-2.08236
-2.09622
-2.10605
-2.11421
-2.12008
-2.12475
-2.12604
-2.12381
-2.11808
-2.10887
-2.09701
-2.08205
-2.06492
-2.04499
-2.02223
-1.99629
-1.96753
-1.93717
-1.90443
-1.86895
-1.83024
-1.78849
-1.74373
-1.69717
-1.64925
-1.59916
-1.54696
-1.49191
-1.43388
-1.37392
-1.31330
-1.25133
-1.18785
-1.12345
-1.05658
-0.98741
-0.91761
-0.84765
-0.77644
-0.70458
-0.63247
-0.55930
-0.48502
-0.41067
-0.33590
-0.26022
-0.18378
-0.10696
-0.02970
0.04750
0.12455
0.20187
0.27879
0.35576
0.43321
0.51069
0.58806
0.66436
0.73949
0.81343
0.88624
0.95863
1.03109
1.10264
1.17298
1.24175
1.30887
1.37489
1.43911
1.50199
1.56283
1.62079
1.67573
1.72765
1.77742
1.82623
1.87305
1.91789
1.95918
1.99667
2.02971
2.05951
2.08751
2.11361
2.13701
2.15660
2.17110
2.18188
2.18850
2.19289
2.19583
2.19612
2.19122
2.18135
2.16752
2.15011
2.13000
2.10719
2.08199
2.05339
2.02078
1.98379
1.94342
1.90040
1.85677
1.81013
1.76036
1.70765
1.65254
1.59535
1.53574
1.47402
1.41062
1.34637
1.28100
1.21427
1.14553
1.07428
1.00162
0.92774
0.85402
0.77983
0.70516
0.62855
0.55022
0.47074
0.39049
0.31130
0.23250
0.15324
0.07339
-0.00706
-0.08798
-0.16915
-0.24961
-0.32877
-0.40766
-0.48660
-0.56612
-0.64462
-0.72168
-0.79626
-0.87023
-0.94395
-1.01798
-1.09023
-1.16077
-1.22804
-1.29357
-1.35730
-1.42048
-1.48288
-1.54408
-1.60229
-1.65742
-1.70951
-1.75828
-1.80485
-1.84983
-1.89313
-1.93258
-1.96916
-2.00251
-2.03296
-2.06053
-2.08486
-2.10605
-2.12401
-2.13875
-2.14985
-2.15787
-2.16152
-2.16260
-2.16144
-2.15720
-2.14934
-2.13764
-2.12270
-2.10564
-2.08601
-2.06375
-2.03849
-2.01023
-1.97906
-1.94485
-1.90826
-1.86924
-1.82726
-1.78284
-1.73602
-1.68690
-1.63572
-1.58248
-1.52725
-1.46955
-1.40916
-1.34646
-1.28205
-1.21637
-1.14999
-1.08212
-1.01257
-0.94120
-0.86894
-0.79618
-0.72314
-0.64999
-0.57548
-0.50049
-0.42443
-0.34832
-0.27287
-0.19781
-0.12281
-0.04785
0.02767
0.10416
0.18066
0.25605
0.33108
0.40521
0.47862
0.55186
0.62564
0.69927
0.77204
0.84429
0.91555
0.98630
1.05537
1.12402
1.19164
1.25877
1.32499
1.38949
1.45165
1.51201
1.57085
1.62734
1.68278
1.73670
1.78802
1.83706
1.88235
1.92450
1.96332
1.99976
2.03378
2.06529
2.09340
2.11721
2.13741
2.15465
2.16936
2.18053
2.18768
2.19104
2.19106
2.18724
2.18015
2.17044
2.15740
2.14103
2.12093
2.09878
2.07412
2.04670
2.01481
1.97903
1.94018
1.89881
1.85573
1.81146
1.76498
1.71608
1.66300
1.60639
1.54791
1.48924
1.43022
1.36926
1.30507
1.23793
1.16827
1.09780
1.02749
0.95631
0.88384
0.80924
0.73309
0.65538
0.57680
0.49753
0.41716
0.33643
0.25421
0.17190
0.08916
0.00583
-0.07826
-0.16355
-0.24886
-0.33464
-0.41889
-0.50157
-0.58378
-0.66569
-0.74768
-0.82938
-0.90940
-0.98690
-1.06195
-1.13468
-1.20621
-1.27758
-1.34699
-1.41246
-1.47380
-1.53220
-1.58907
-1.64417
-1.69828
-1.74921
-1.79677
-1.84067
-1.88100
-1.91856
-1.95416
-1.98753
-2.01872
-2.04689
-2.07211
-2.09439
-2.11436
-2.13166
-2.14600
-2.15728
-2.16496
-2.16932
-2.17084
-2.17001
-2.16647
-2.16001
-2.15043
-2.13746
-2.12068
-2.10042
-2.07786
-2.05231
-2.02410
-1.99268
-1.95812
-1.92044
-1.88033
-1.83789
-1.79338
-1.74579
-1.69565
-1.64276
-1.58751
-1.53026
-1.47180
-1.41086
-1.34823
-1.28393
-1.21733
-1.14926
-1.07925
-1.00863
-0.93725
-0.86477
-0.79113
-0.71615
-0.64064
-0.56494
-0.48882
-0.41206
-0.33568
-0.25780
-0.18005
-0.10256
-0.02456
0.05269
0.12934
0.20534
0.28164
0.35808
0.43409
0.50830
0.58101
0.65376
