
0.00000
0.00000
0.00005
-0.00008
-0.00047
-0.00127
-0.00274
-0.00493
-0.00775
-0.01096
-0.01428
-0.01766
-0.02108
-0.02471
-0.02862
-0.03285
-0.03732
-0.04200
-0.04669
-0.05141
-0.05601
-0.06069
-0.06543
-0.07026
-0.07514
-0.08001
-0.08474
-0.08943
-0.09406
-0.09858
-0.10306
-0.10745
-0.11181
-0.11609
-0.12026
-0.12420
-0.12798
-0.13164
-0.13521
-0.13878
-0.14218
-0.14542
-0.14838
-0.15115
-0.15372
-0.15622
-0.15858
-0.16080
-0.16272
-0.16437
-0.16579
-0.16703
-0.16816
-0.16911
-0.16985
-0.17029
-0.17048
-0.17038
-0.17008
-0.16962
-0.16898
-0.16808
-0.16687
-0.16542
-0.16374
-0.16177
-0.15968
-0.15735
-0.15475
-0.15191
-0.14877
-0.14545
-0.14187
-0.13810
-0.13407
-0.12982
-0.12534
-0.12059
-0.11560
-0.11042
-0.10506
-0.09943
-0.09361
-0.08755
-0.08136
-0.07498
-0.06845
-0.06179
-0.05503
-0.04817
-0.04126
-0.03422
-0.02714
-0.02005
-0.01294
-0.00572
0.00146
0.00869
0.01600
0.02322
0.03047
0.03769
0.04493
0.05217
0.05936
0.06655
0.07365
0.08065
0.08759
0.09441
0.10118
0.10783
0.11429
0.12060
0.12668
0.13252
0.13815
0.14346
0.14863
0.15345
0.15803
0.16226
0.16620
0.16986
0.17325
0.17632
0.17912
0.18161
0.18379
0.18566
0.18722
0.18857
0.18955
0.19025
0.19068
0.19083
0.19068
0.19029
0.18968
0.18879
0.18763
0.18623
0.18465
0.18275
0.18066
0.17830
0.17573
0.17287
0.16984
0.16649
0.16293
0.15915
0.15511
0.15086
0.14638
0.14166
0.13670
0.13150
0.12614
0.12055
0.11485
0.10899
0.10287
0.09664
0.09034
0.08388
0.07734
0.07075
0.06407
0.05731
0.05052
0.04373
0.03688
0.03002
0.02313
0.01628
0.00941
0.00256
-0.00421
-0.01101
-0.01780
-0.02457
-0.03128
-0.03793
-0.04453
-0.05110
-0.05760
-0.06392
-0.07021
-0.07636
-0.08247
-0.08840
-0.09416
-0.09990
-0.10545
-0.11083
-0.11610
-0.12116
-0.12610
-0.13086
-0.13550
-0.13994
-0.14428
-0.14839
-0.15233
-0.15612
-0.15976
-0.16316
-0.16633
-0.16927
-0.17200
-0.17444
-0.17667
-0.17861
-0.18032
-0.18166
-0.18274
-0.18360
-0.18415
-0.18442
-0.18433
-0.18394
-0.18329
-0.18235
-0.18117
-0.17970
-0.17789
-0.17587
-0.17353
-0.17098
-0.16815
-0.16510
-0.16180
-0.15820
-0.15443
-0.15040
-0.14615
-0.14177
-0.13710
-0.13230
-0.12731
-0.12208
-0.11670
-0.11115
-0.10547
-0.09957
-0.09358
-0.08740
-0.08112
-0.07468
-0.06810
-0.06144
-0.05469
-0.04781
-0.04095
-0.03391
-0.02688
-0.01979
-0.01262
-0.00551
0.00166
0.00876
0.01583
0.02283
0.02985
0.03673
0.04353
0.05024
0.05674
0.06316
0.06945
0.07553
0.08149
0.08728
0.09295
0.09841
0.10370
0.10881
0.11374
0.11847
0.12299
0.12730
0.13139
0.13533
0.13905
0.14259
0.14591
0.14901
0.15195
0.15459
0.15703
0.15926
0.16118
0.16288
0.16428
0.16552
0.16643
0.16715
0.16759
0.16783
0.16778
0.16750
0.16702
0.16633
0.16539
0.16419
0.16282
0.16120
0.15939
0.15741
0.15517
0.15271
0.15009
0.14725
0.14412
0.14091
0.13747
0.13385
0.13007
0.12615
0.12196
0.11770
0.11330
0.10876
0.10408
0.09934
0.09439
0.08937
0.08420
0.07892
0.07365
0.06824
0.06286
0.05736
0.05180
0.04624
0.04061
0.03503
0.02937
0.02373
0.01804
0.01230
0.00659
0.00087
-0.00492
-0.01062
-0.01635
-0.02206
-0.02776
-0.03343
-0.03908
-0.04467
-0.05017
-0.05561
-0.06106
-0.06638
-0.07169
-0.07686
-0.08197
-0.08701
-0.09194
-0.09680
-0.10154
-0.10618
-0.11071
-0.11508
-0.11930
-0.12341
-0.12739
-0.13121
-0.13491
-0.13840
-0.14178
-0.14490
-0.14790
-0.15075
-0.15344
-0.15588
-0.15815
-0.16024
-0.16214
-0.16380
-0.16524
-0.16656
-0.16760
-0.16844
-0.16904
-0.16939
-0.16950
-0.16938
-0.16900
-0.16836
-0.16751
-0.16631
-0.16490
-0.16325
-0.16135
-0.15918
-0.15681
-0.15417
-0.15130
-0.14825
-0.14502
-0.14150
-0.13786
-0.13404
-0.13005
-0.12583
-0.12149
-0.11691
-0.11223
-0.10737
-0.10239
-0.09726
-0.09197
-0.08657
-0.08111
-0.07544
-0.06980
-0.06399
-0.05808
-0.05202
-0.04593
-0.03978
-0.03349
-0.02713
-0.02084
-0.01440
-0.00798
-0.00145
0.00506
0.01154
0.01803
0.02462
0.03119
0.03770
0.04422
0.05065
0.05706
0.06334
0.06957
0.07561
0.08155
0.08737
0.09300
0.09848
0.10379
0.10897
0.11392
0.11873
0.12323
0.12763
0.13174
0.13567
0.13930
0.14275
0.14600
0.14904
0.15189
0.15440
0.15683
0.15890
0.16084
0.16258
0.16406
0.16532
0.16637
0.16723
0.16783
0.16822
0.16838
0.16838
0.16807
0.16757
0.16684
0.16585
0.16460
0.16314
0.16145
0.15954
0.15738
0.15496
0.15238
0.14955
0.14653
0.14330
0.13984
0.13618
0.13229
0.12817
0.12385
0.11937
0.11462
0.10972
0.10460
0.09933
0.09392
0.08836
0.08261
0.07674
0.07078
0.06470
0.05856
0.05232
0.04600
0.03963
0.03314
0.02668
0.02019
0.01372
0.00726
0.00075
-0.00573
-0.01226
-0.01868
-0.02508
-0.03141
-0.03770
-0.04393
-0.05012
-0.05623
-0.06229
-0.06823
-0.07408
-0.07981
-0.08545
-0.09094
-0.09644
-0.10173
-0.10694
-0.11198
-0.11685
-0.12156
-0.12612
-0.13051
-0.13475
-0.13878
-0.14257
-0.14626
-0.14968
-0.15285
-0.15584
-0.15866
-0.16123
-0.16357
-0.16571
-0.16754
-0.16917
-0.17057
-0.17174
-0.17267
-0.17331
-0.17366
-0.17378
-0.17361
-0.17312
-0.17236
-0.17133
-0.17005
-0.16846
-0.16668
-0.16456
-0.16217
-0.15956
-0.15672
-0.15360
-0.15024
-0.14665
-0.14286
-0.13888
-0.13463
-0.13021
-0.12561
-0.12081
-0.11595
-0.11088
-0.10568
-0.10033
-0.09485
-0.08927
-0.08359
-0.07780
-0.07189
-0.06591
-0.05986
-0.05373
-0.04761
-0.04140
-0.03518
-0.02896
-0.02275
-0.01656
-0.01036
-0.00417
0.00194
0.00804
0.01405
0.02000
0.02586
0.03174
0.03751
0.04320
0.04872
0.05417
0.05956
0.06485
0.07000
0.07506
0.08000
0.08477
0.08948
0.09405
0.09848
0.10278
0.10698
0.11103
0.11491
0.11870
0.12228
0.12574
0.12911
0.13226
0.13529
0.13807
0.14070
0.14314
0.14541
0.14749
0.14938
0.15111
0.15261
0.15392
0.15503
0.15591
0.15657
0.15702
0.15723
0.15720
0.15697
0.15650
0.15578
0.15486
0.15375
0.15241
0.15088
0.14909
0.14710
0.14494
0.14257
0.13997
0.13719
0.13424
0.13111
0.12777
0.12432
0.12071
0.11689
0.11292
0.10879
0.10453
0.10011
0.09552
0.09086
0.08601
0.08107
0.07602
0.07084
0.06560
0.06028
0.05484
0.04939
0.04384
0.03823
0.03262
0.02693
0.02126
0.01557
0.00988
0.00420
-0.00150
-0.00726
-0.01292
-0.01860
-0.02421
-0.02985
-0.03537
-0.04092
-0.04633
-0.05172
-0.05710
-0.06226
-0.06739
-0.07248
-0.07744
-0.08230
-0.08704
-0.09169
-0.09615
-0.10052
-0.10477
-0.10895
-0.11296
-0.11684
-0.12055
-0.12412
-0.12756
-0.13081
-0.13401
-0.13702
-0.13984
-0.14245
-0.14489
-0.14716
-0.14935
-0.15130
-0.15309
-0.15463
-0.15600
-0.15717
-0.15809
-0.15883
-0.15941
-0.15974
-0.15979
-0.15958
-0.15917
-0.15858
-0.15771
-0.15662
-0.15530
-0.15372
-0.15188
-0.14980
-0.14748
-0.14495
-0.14226
-0.13935
-0.13625
-0.13286
-0.12937
-0.12567
-0.12188
-0.11791
-0.11374
-0.10948
-0.10502
-0.10048
-0.09578
-0.09102
-0.08615
-0.08116
-0.07607
-0.07088
-0.06567
-0.06032
-0.05503
-0.04969
-0.04426
-0.03881
-0.03335
-0.02778
-0.02224
-0.01663
-0.01098
-0.00530
0.00039
0.00616
0.01203
0.01787
0.02371
0.02958
0.03545
0.04136
0.04728
0.05324
0.05922
0.06513
0.07107
0.07697
0.08283
0.08867
0.09442
0.10011
0.10572
0.11126
0.11664
0.12193
0.12708
0.13211
0.13691
0.14155
0.14592
0.15010
0.15409
0.15773
0.16121
0.16431
0.16717
0.16972
0.17204
0.17412
0.17594
0.17750
0.17872
0.17967
0.18035
0.18076
0.18090
0.18077
0.18037
0.17965
0.17869
0.17740
0.17593
0.17418
0.17216
0.16988
0.16735
0.16461
0.16164
0.15843
0.15501
0.15135
0.14746
0.14333
0.13898
0.13442
0.12970
0.12481
0.11965
0.11436
0.10887
0.10332
0.09754
0.09174
0.08576
0.07964
0.07356
0.06732
0.06105
0.05472
0.04837
0.04202
0.03564
0.02932
0.02296
0.01665
0.01039
0.00419
-0.00190
-0.00800
-0.01402
-0.01998
-0.02587
-0.03170
-0.03750
-0.04316
-0.04886
-0.05447
-0.06006
-0.06555
-0.07103
-0.07645
-0.08182
-0.08718
-0.09254
-0.09785
-0.10317
-0.10837
-0.11348
-0.11856
-0.12356
-0.12844
-0.13327
-0.13789
-0.14243
-0.14684
-0.15108
-0.15510
-0.15898
-0.16261
-0.16603
-0.16921
-0.17215
-0.17474
-0.17710
-0.17916
-0.18083
-0.18221
-0.18319
-0.18387
-0.18420
-0.18418
-0.18382
-0.18311
-0.18207
-0.18069
-0.17896
-0.17696
-0.17459
-0.17196
-0.16899
-0.16586
-0.16234
-0.15856
-0.15460
-0.15029
-0.14580
-0.14108
-0.13608
-0.13095
-0.12565
-0.12017
-0.11459
-0.10886
-0.10299
-0.09701
-0.09092
-0.08477
-0.07854
-0.07222
-0.06579
-0.05937
-0.05283
-0.04625
-0.03961
-0.03297
-0.02618
-0.01942
-0.01260
-0.00576
0.00115
0.00810
0.01500
0.02190
0.02877
0.03566
0.04249
0.04922
0.05593
0.06253
0.06901
0.07542
0.08169
0.08787
0.09395
0.09982
0.10556
0.11117
0.11661
0.12191
0.12701
0.13196
0.13678
0.14131
0.14574
0.14992
0.15395
0.15774
0.16140
0.16480
0.16796
0.17087
0.17358
0.17602
0.17829
0.18034
0.18210
0.18372
0.18508
0.18625
0.18722
0.18798
0.18847
0.18875
0.18880
0.18861
0.18814
0.18744
0.18648
0.18528
0.18378
0.18196
0.17994
0.17764
0.17508
0.17224
0.16918
0.16577
0.16216
0.15827
0.15415
0.14978
0.14527
0.14047
0.13551
0.13033
0.12501
0.11951
0.11394
0.10825
0.10245
0.09654
0.09052
0.08439
0.07826
0.07212
0.06593
0.05980
0.05363
0.04749
0.04134
0.03525
0.02924
0.02329
0.01744
0.01167
0.00591
0.00020
-0.00541
-0.01098
-0.01650
-0.02196
-0.02735
-0.03278
-0.03812
-0.04349
-0.04877
-0.05409
-0.05935
-0.06465
-0.06996
-0.07528
-0.08056
-0.08582
-0.09111
-0.09634
-0.10152
-0.10665
-0.11169
-0.11665
-0.12149
-0.12620
-0.13074
-0.13516
-0.13940
-0.14349
-0.14734
-0.15099
-0.15438
-0.15751
-0.16036
-0.16290
-0.16512
-0.16703
-0.16856
-0.16977
-0.17060
-0.17107
-0.17116
-0.17091
-0.17028
-0.16925
-0.16786
-0.16620
-0.16419
-0.16186
-0.15919
-0.15628
-0.15307
-0.14960
-0.14594
-0.14214
-0.13810
-0.13393
-0.12960
-0.12514
-0.12057
-0.11593
-0.11118
-0.10645
-0.10160
-0.09675
-0.09181
-0.08686
-0.08187
-0.07690
-0.07186
-0.06679
-0.06168
-0.05649
-0.05132
-0.04608
-0.04086
-0.03558
-0.03023
-0.02482
-0.01936
-0.01383
-0.00826
-0.00262
0.00304
0.00875
0.01457
0.02037
0.02621
0.03209
0.03801
0.04387
0.04982
0.05573
0.06162
0.06749
0.07326
0.07899
0.08465
0.09010
0.09553
0.10076
0.10583
0.11081
0.11568
0.12036
0.12488
0.12921
0.13335
0.13733
0.14108
0.14470
0.14814
0.15132
0.15433
0.15712
0.15971
0.16213
0.16430
0.16625
0.16796
0.16945
0.17072
0.17170
0.17249
0.17300
0.17328
0.17329
0.17302
0.17248
0.17164
0.17057
0.16911
0.16737
0.16539
0.16308
0.16044
0.15754
0.15436
0.15086
0.14710
0.14305
0.13877
0.13423
0.12947
0.12450
0.11933
0.11392
0.10841
0.10273
0.09692
0.09103
0.08501
0.07897
0.07288
0.06678
0.06063
0.05455
0.04844
0.04241
0.03638
0.03038
0.02450
0.01864
0.01286
0.00712
0.00144
-0.00422
-0.00983
-0.01537
-0.02091
-0.02644
-0.03191
-0.03745
-0.04295
-0.04842
-0.05387
-0.05925
-0.06464
-0.06999
-0.07532
-0.08060
-0.08590
-0.09103
-0.09617
-0.10119
-0.10616
-0.11102
-0.11578
-0.12043
-0.12486
-0.12915
-0.13318
-0.13703
-0.14061
-0.14396
-0.14701
-0.14975
-0.15214
-0.15422
-0.15597
-0.15737
-0.15837
-0.15895
-0.15919
-0.15900
-0.15849
-0.15758
-0.15625
-0.15457
-0.15248
-0.15002
-0.14717
-0.14408
-0.14057
-0.13678
-0.13275
-0.12837
-0.12382
-0.11895
-0.11391
-0.10868
-0.10330
-0.09781
-0.09222
-0.08657
-0.08088
-0.07520
-0.06954
-0.06393
-0.05843
-0.05301
-0.04768
-0.04250
-0.03748
-0.03255
-0.02781
-0.02316
-0.01864
-0.01429
-0.01003
-0.00590
-0.00191
0.00203
0.00586
0.00965
0.01335
0.01701
0.02058
0.02412
0.02761
0.03111
0.03456
0.03811
0.04164
0.04521
0.04883
0.05252
0.05620
0.05998
0.06380
0.06772
0.07163
0.07564
0.07966
0.08373
0.08779
0.09189
0.09598
0.10009
0.10424
0.10827
0.11225
0.11616
0.12009
0.12387
0.12756
0.13118
0.13463
0.13796
0.14102
0.14406
0.14679
0.14937
0.15173
0.15389
0.15582
0.15747
0.15888
0.16007
0.16096
0.16155
0.16193
0.16198
0.16175
0.16121
0.16035
0.15918
0.15770
0.15588
0.15380
0.15136
0.14867
0.14559
0.14232
0.13876
0.13487
0.13077
0.12643
0.12188
0.11710
0.11211
0.10696
0.10165
0.09618
0.09063
0.08498
0.07931
0.07350
0.06773
0.06195
0.05624
0.05054
0.04496
0.03945
0.03401
0.02870
0.02346
0.01841
0.01342
0.00859
0.00387
-0.00078
-0.00534
-0.00986
-0.01427
-0.01860
-0.02294
-0.02720
-0.03147
-0.03577
-0.04009
-0.04438
-0.04874
-0.05307
-0.05744
-0.06188
-0.06637
-0.07079
-0.07523
-0.07962
-0.08396
-0.08832
-0.09264
-0.09688
-0.10103
-0.10514
-0.10914
-0.11305
-0.11685
-0.12050
-0.12404
-0.12741
-0.13064
-0.13366
-0.13654
-0.13910
-0.14150
-0.14356
-0.14537
-0.14694
-0.14816
-0.14917
-0.14984
-0.15021
-0.15024
-0.14997
-0.14930
-0.14839
-0.14710
-0.14554
-0.14368
-0.14136
-0.13876
-0.13593
-0.13275
-0.12931
-0.12558
-0.12163
-0.11746
-0.11303
-0.10846
-0.10378
-0.09901
-0.09413
-0.08916
-0.08422
-0.07916
-0.07413
-0.06911
-0.06415
-0.05919
-0.05430
-0.04946
-0.04470
-0.04003
-0.03547
-0.03103
-0.02662
-0.02233
-0.01809
-0.01394
-0.00983
-0.00579
-0.00176
0.00214
0.00610
0.01000
0.01390
0.01780
0.02174
0.02566
0.02955
0.03350
0.03750
0.04150
0.04557
0.04969
0.05385
0.05806
0.06233
0.06666
0.07107
0.07549
0.07991
0.08429
0.08871
0.09311
0.09749
0.10182
0.10612
0.11032
0.11447
0.11859
0.12256
0.12641
0.13014
0.13369
0.13707
0.14028
0.14332
0.14615
0.14868
0.15108
0.15321
0.15502
0.15666
0.15802
0.15917
0.15999
0.16051
0.16081
0.16076
0.16055
0.15999
0.15918
0.15809
0.15664
0.15496
0.15303
0.15079
0.14834
0.14560
0.14264
0.13940
0.13592
0.13230
0.12846
0.12444
0.12023
0.11586
0.11135
0.10666
0.10185
0.09692
0.09190
0.08672
0.08152
0.07616
0.07074
0.06527
0.05971
0.05410
0.04840
0.04282
0.03720
0.03155
0.02594
0.02042
0.01501
0.00962
0.00432
-0.00090
-0.00606
-0.01116
-0.01620
-0.02117
-0.02602
-0.03085
-0.03564
-0.04041
-0.04512
-0.04985
-0.05453
-0.05924
-0.06391
-0.06859
-0.07325
-0.07796
-0.08267
-0.08739
-0.09205
-0.09667
-0.10129
-0.10583
-0.11033
-0.11473
-0.11897
-0.12306
-0.12703
-0.13074
-0.13427
-0.13754
-0.14047
-0.14318
-0.14559
-0.14763
-0.14929
-0.15064
-0.15162
-0.15223
-0.15242
-0.15226
-0.15174
-0.15083
-0.14953
-0.14783
-0.14580
-0.14337
-0.14063
-0.13759
-0.13425
-0.13064
-0.12670
-0.12254
-0.11822
-0.11363
-0.10890
-0.10403
-0.09913
-0.09406
-0.08898
-0.08382
-0.07870
-0.07352
-0.06842
-0.06334
-0.05832
-0.05337
-0.04848
-0.04364
-0.03890
-0.03424
-0.02962
-0.02508
-0.02057
-0.01613
-0.01166
-0.00725
-0.00291
0.00144
0.00580
0.01012
0.01448
0.01886
0.02325
0.02767
0.03212
0.03659
0.04113
0.04560
0.05019
0.05470
0.05922
0.06379
0.06829
0.07279
0.07727
0.08162
0.08597
0.09019
0.09432
0.09839
0.10224
0.10600
0.10964
0.11310
0.11645
0.11961
0.12271
0.12566
0.12849
0.13117
0.13378
0.13625
0.13846
0.14062
0.14261
0.14447
0.14609
0.14763
0.14896
0.15010
0.15107
0.15188
0.15238
0.15273
0.15277
0.15265
0.15224
0.15158
0.15068
0.14941
0.14797
0.14614
0.14411
0.14178
0.13912
0.13632
0.13323
0.12992
0.12641
0.12267
0.11875
0.11469
0.11040
0.10604
0.10149
0.09679
0.09204
0.08722
0.08227
0.07735
0.07233
0.06731
0.06234
0.05730
0.05230
0.04734
