
0.00000
0.00000
0.02631
0.16243
0.39450
0.64413
0.83645
0.94477
1.00173
1.06775
1.18812
1.35723
1.53111
1.66732
1.75503
1.81504
1.88291
1.98282
2.11147
2.24343
2.34788
2.41501
2.45976
2.51012
2.58798
2.68866
2.78428
2.85042
2.88707
2.91453
2.95334
3.00834
3.07042
3.12172
3.14989
3.15916
3.16621
3.18398
3.20905
3.22910
3.23742
3.23427
3.22370
3.20748
3.18919
3.17482
3.16101
3.14074
3.10667
3.06314
3.01624
2.96884
2.92175
2.87414
2.82181
2.76015
2.68776
2.60929
2.53347
2.46017
2.38566
2.30700
2.21908
2.12378
2.02402
1.92449
1.82936
1.73286
1.63253
1.52521
1.41214
1.29680
1.18360
1.07486
0.96749
0.85693
0.74067
0.61808
0.49269
0.37229
0.26011
0.15016
0.03618
-0.08628
-0.21302
-0.33745
-0.45463
-0.56575
-0.67481
-0.78783
-0.90682
-1.02758
-1.14519
-1.25568
-1.35999
-1.46045
-1.56204
-1.66665
-1.77300
-1.87465
-1.96874
-2.05656
-2.14030
-2.22233
-2.30679
-2.39287
-2.47303
-2.54390
-2.60730
-2.66651
-2.72586
-2.78650
-2.84518
-2.89696
-2.94103
-2.97756
-3.01037
-3.04251
-3.07502
-3.10567
-3.12999
-3.14657
-3.15807
-3.16442
-3.16720
-3.16753
-3.16625
-3.16120
-3.14925
-3.12820
-3.10282
-3.07687
-3.04953
-3.01903
-2.98164
-2.93714
-2.88801
-2.83341
-2.77718
-2.71957
-2.65688
-2.58932
-2.51638
-2.43831
-2.35836
-2.27633
-2.19330
-2.10826
-2.01753
-1.91952
-1.81649
-1.71464
-1.61406
-1.51360
-1.41005
-1.29986
-1.18471
-1.06798
-0.95228
-0.83991
-0.72776
-0.61241
-0.49081
-0.36568
-0.24125
-0.12114
-0.00355
0.11475
0.23464
0.35767
0.48195
0.60547
0.72520
0.84072
0.95411
1.06838
1.18536
1.30263
1.41734
1.52434
1.62538
1.72403
1.82589
1.93109
2.03301
2.12619
2.21206
2.29515
2.37773
2.45981
2.54121
2.61853
2.68734
2.74932
2.80694
2.86270
2.91814
2.96991
3.01580
3.05552
3.08876
3.11729
3.14218
3.16545
3.18572
3.20284
3.21279
3.21737
3.21584
3.21020
3.20128
3.19066
3.17543
3.15564
3.12855
3.09814
3.06464
3.02765
2.98595
2.93937
2.88946
2.83564
2.77671
2.71299
2.64593
2.57707
2.50402
2.42835
2.34690
2.26165
2.17243
2.08074
1.98812
1.89588
1.79789
1.69417
1.58741
1.47933
1.37213
1.26396
1.15485
1.04288
0.92628
0.80720
0.68779
0.57041
0.45312
0.33569
0.21613
0.09421
-0.02849
-0.14921
-0.26845
-0.38720
-0.50506
-0.62563
-0.74645
-0.86558
-0.98195
-1.09543
-1.20632
-1.31777
-1.42956
-1.54017
-1.64829
-1.75046
-1.84926
-1.94704
-2.04511
-2.14171
-2.23526
-2.32301
-2.40573
-2.48372
-2.56022
-2.63579
-2.70983
-2.78001
-2.84431
-2.90205
-2.95493
-3.00477
-3.05351
-3.09885
-3.13873
-3.17206
-3.19874
-3.22078
-3.24009
-3.25787
-3.27138
-3.27847
-3.27784
-3.27249
-3.26312
-3.24959
-3.23296
-3.21317
-3.18726
-3.15408
-3.11486
-3.07256
-3.02737
-2.97942
-2.92761
-2.86928
-2.80515
-2.73554
-2.66271
-2.58855
-2.51335
-2.43362
-2.34862
-2.25824
-2.16354
-2.06663
-1.96905
-1.86885
-1.76693
-1.66194
-1.55224
-1.43859
-1.32254
-1.20718
-1.09171
-0.97496
-0.85518
-0.73380
-0.60982
-0.48633
-0.36402
-0.24089
-0.11800
0.00502
0.12914
0.25428
0.37787
0.49905
0.62073
0.74150
0.86215
0.98132
1.09801
1.21272
1.32497
1.43638
1.54529
1.65327
1.75870
1.86069
1.96009
2.05658
2.14907
2.23851
2.32430
2.40910
2.48915
2.56564
2.63716
2.70455
2.76840
2.82833
2.88630
2.93894
2.98657
3.02809
3.06492
3.09846
3.12771
3.15446
3.17575
3.19230
3.20401
3.21083
3.21408
3.21278
3.20742
3.19778
3.18234
3.16081
3.13598
3.10742
3.07572
3.04105
3.00071
2.95420
2.90161
2.84672
2.79035
2.73090
2.66740
2.59773
2.52382
2.44626
2.36724
2.28575
2.20056
2.11082
2.01683
1.91966
1.82104
1.72100
1.61984
1.51570
1.40919
1.29985
1.18859
1.07594
0.96207
0.84643
0.72979
0.61211
0.49379
0.37464
0.25629
0.13830
0.01872
-0.10114
-0.22100
-0.34105
-0.45902
-0.57602
-0.69189
-0.80669
-0.92318
-1.03694
-1.14960
-1.25948
-1.36652
-1.47142
-1.57572
-1.67711
-1.77827
-1.87634
-1.97049
-2.06170
-2.15006
-2.23628
-2.32008
-2.39912
-2.47510
-2.54787
-2.61754
-2.68388
-2.74749
-2.80618
-2.86078
-2.91037
-2.95577
-2.99755
-3.03606
-3.07120
-3.10209
-3.12829
-3.14824
-3.16200
-3.17271
-3.18038
-3.18347
-3.18370
-3.17824
-3.16745
-3.15174
-3.13116
-3.10605
-3.07791
-3.04650
-3.00959
-2.96855
-2.92304
-2.87394
-2.81941
-2.76196
-2.70092
-2.63727
-2.57048
-2.49943
-2.42427
-2.34562
-2.26370
-2.17888
-2.09280
-2.00481
-1.91316
-1.81829
-1.71916
-1.61881
-1.51634
-1.41364
-1.30763
-1.20071
-1.08995
-0.97602
-0.86173
-0.74707
-0.63279
-0.51620
-0.39848
-0.28005
-0.16218
-0.04337
0.07582
0.19353
0.31254
0.43087
0.54867
0.66505
0.77890
0.89274
1.00589
1.11893
1.22980
1.33708
1.44207
1.54403
1.64508
1.74532
1.84430
1.94021
2.03160
2.11828
2.20330
2.28614
2.36786
2.44698
2.52124
2.59017
2.65585
2.71705
2.77601
2.83194
2.88425
2.93170
2.97381
3.01086
3.04456
3.07434
3.10076
3.12401
3.14285
3.15617
3.16278
3.16607
3.16584
3.16247
3.15477
3.14199
3.12370
3.10066
3.07374
3.04376
3.01018
2.97165
2.92732
2.87798
2.82525
2.76821
2.70790
2.64310
2.57392
2.50062
2.42416
2.34322
2.26080
2.17353
2.08382
1.99097
1.89549
1.79669
1.69524
1.59178
1.48584
1.37804
1.26876
1.15689
1.04351
0.92812
0.81284
0.69549
0.57769
0.45906
0.33971
0.21945
0.09837
-0.02232
-0.14309
-0.26362
-0.38418
-0.50438
-0.62510
-0.74431
-0.86238
-0.97866
-1.09329
-1.20650
-1.32084
-1.43272
-1.54278
-1.64849
-1.75146
-1.85218
-1.95153
-2.04827
-2.14188
-2.23281
-2.31777
-2.40026
-2.47928
-2.55491
-2.62718
-2.69594
-2.76055
-2.82118
-2.87727
-2.92955
-2.97819
-3.02261
-3.06144
-3.09726
-3.12918
-3.15624
-3.17825
-3.19681
-3.21146
-3.22070
-3.22479
-3.22289
-3.21862
-3.20966
-3.19645
-3.17712
-3.15326
-3.12499
-3.09249
-3.05669
-3.01619
-2.97085
-2.92027
-2.86702
-2.81052
-2.74951
-2.68389
-2.61395
-2.54107
-2.46574
-2.38650
-2.30411
-2.21750
-2.12736
-2.03652
-1.94180
-1.84378
-1.74273
-1.63902
-1.53404
-1.42788
-1.31847
-1.20673
-1.09445
-0.97960
-0.86240
-0.74485
-0.62680
-0.50769
-0.38714
-0.26611
-0.14549
-0.02495
0.09563
0.21699
0.33790
0.45879
0.57864
0.69705
0.81567
0.93433
1.05057
1.16367
1.27527
1.38522
1.49425
1.60117
1.70545
1.80723
1.90583
2.00234
2.09521
2.18492
2.27034
2.35553
2.43804
2.51625
2.59022
2.65981
2.72491
2.78685
2.84611
2.90180
2.95248
2.99885
3.04108
3.07809
3.11109
3.13945
3.16324
3.18195
3.19639
3.20625
3.21133
3.21210
3.20847
3.20027
3.18766
3.17023
3.14801
3.12160
3.09089
3.05655
3.01742
2.97442
2.92618
2.87420
2.81837
2.75977
2.69694
2.63022
2.55866
2.48351
2.40443
2.32354
2.23690
2.14561
2.05176
1.95511
1.85685
1.75632
1.65254
1.54519
1.43574
1.32382
1.21100
1.09754
0.98131
0.86354
0.74380
0.62309
0.50148
0.37879
0.25663
0.13455
0.01205
-0.11037
-0.23449
-0.35707
-0.47785
-0.59637
-0.71459
-0.83409
-0.95366
-1.07005
-1.18397
-1.29582
-1.40467
-1.51306
-1.62165
-1.72799
-1.83139
-1.93160
-2.02724
-2.11973
-2.20997
-2.29819
-2.38455
-2.46663
-2.54463
-2.61790
-2.68672
-2.75337
-2.81794
-2.87874
-2.93521
-2.98558
-3.03114
-3.07321
-3.11203
-3.14772
-3.17903
-3.20511
-3.22566
-3.24060
-3.25111
-3.25850
-3.26133
-3.25978
-3.25293
-3.24174
-3.22582
-3.20446
-3.17858
-3.14822
-3.11354
-3.07357
-3.03029
-2.98225
-2.92940
-2.87182
-2.81149
-2.74622
-2.67789
-2.60516
-2.52877
-2.44921
-2.36704
-2.28170
-2.19326
-2.10191
-2.00767
-1.91080
-1.81187
-1.71074
-1.60692
-1.50124
-1.39433
-1.28405
-1.17293
-1.05995
-0.94622
-0.83168
-0.71417
-0.59558
-0.47507
-0.35507
-0.23531
-0.11621
0.00310
0.12343
0.24436
0.36557
0.48472
0.60188
0.71971
0.83588
0.95193
1.06735
1.18160
1.29282
1.40063
1.50671
1.61079
1.71438
1.81690
1.91672
2.01281
2.10415
2.19360
2.28055
2.36581
2.44697
2.52326
2.59638
2.66556
2.73052
2.79116
2.84910
2.90247
2.95225
2.99718
3.03703
3.07148
3.10131
3.12872
3.15315
3.17265
3.18573
3.19413
3.19727
3.19600
3.19071
3.18236
3.17016
3.15197
3.12787
3.09852
3.06437
3.02674
2.98513
2.93992
2.89139
2.83824
2.78062
2.71833
2.65123
2.58070
2.50830
2.43511
2.35858
2.27776
2.19172
2.10247
2.01037
1.91796
1.82337
1.72637
1.62565
1.52160
1.41485
1.30705
1.19809
1.08910
0.97860
0.86581
0.75029
0.63397
0.51642
0.39908
0.28144
0.16285
0.04253
-0.07858
-0.20133
-0.32232
-0.44015
-0.55794
-0.67648
-0.79610
-0.91458
-1.03081
-1.14447
-1.25574
-1.36547
-1.47427
-1.58167
-1.68673
-1.78908
-1.88840
-1.98374
-2.07582
-2.16554
-2.25358
-2.33829
-2.42022
-2.49794
-2.57155
-2.64066
-2.70648
-2.77072
-2.83122
-2.88582
-2.93461
-2.98039
-3.02315
-3.06218
-3.09772
-3.12761
-3.15220
-3.17108
-3.18533
-3.19628
-3.20320
-3.20547
-3.20343
-3.19718
-3.18599
-3.16897
-3.14686
-3.12150
-3.09185
-3.05956
-3.02191
-2.97955
-2.93248
-2.88065
-2.82497
-2.76560
-2.70256
-2.63527
-2.56348
-2.48752
-2.40843
-2.32586
-2.24016
-2.15036
-2.05848
-1.96356
-1.86524
-1.76385
-1.65977
-1.55296
-1.44416
-1.33343
-1.22059
-1.10688
-0.99165
-0.87501
-0.75833
-0.64033
-0.51989
-0.39736
-0.27477
-0.15460
-0.03667
0.08314
0.20451
0.32728
0.44873
0.56852
0.68579
0.79966
0.91246
1.02691
1.14041
1.25117
1.35974
1.46462
1.56832
1.67139
1.77093
1.86844
1.96319
2.05491
2.14343
2.22784
2.31080
2.39027
2.46568
2.53689
2.60481
2.66843
2.72881
2.78585
2.83809
2.88558
2.92900
2.96867
3.00303
3.03437
3.06135
3.08314
3.10120
3.11464
3.12381
3.12761
3.12731
3.12310
3.11430
3.10072
3.08352
3.06136
3.03624
3.00562
2.96996
2.92880
2.88553
2.83909
2.78864
2.73197
2.67078
2.60415
2.53496
2.46388
2.38885
2.31099
2.22866
2.14162
2.05060
1.95785
1.86469
1.76983
1.67097
1.56860
1.46299
1.35713
1.25069
1.14239
1.03189
0.91974
0.80636
0.69317
0.57904
0.46450
0.34826
0.23111
0.11385
-0.00349
-0.12126
-0.23628
-0.35147
-0.46743
-0.58394
-0.69886
-0.81199
-0.92207
-1.03049
-1.13820
-1.24691
-1.35531
-1.46017
-1.56155
-1.65899
-1.75518
-1.85048
-1.94566
-2.03843
-2.12696
-2.21043
-2.29047
-2.36830
-2.44520
-2.51812
-2.58799
-2.65399
-2.71582
-2.77329
-2.82740
-2.87909
-2.92858
-2.97261
-3.01093
-3.04462
-3.07254
-3.09828
-3.12150
-3.14087
-3.15445
-3.16184
-3.16300
-3.16030
-3.15542
-3.14729
-3.13521
-3.11562
-3.08821
-3.05625
-3.02306
-2.98733
-2.94828
-2.90362
-2.85201
-2.79444
-2.73406
-2.67228
-2.60794
-2.54013
-2.46773
-2.39126
-2.30934
-2.22383
-2.13650
-2.04897
-1.96044
-1.86778
-1.77096
-1.66919
-1.56474
-1.45999
-1.35566
-1.24973
-1.14189
-1.03054
-0.91641
-0.80222
-0.68762
-0.57286
-0.45828
-0.34274
-0.22564
-0.10720
0.01091
0.12626
0.24101
0.35529
0.47035
0.58525
0.69957
0.81081
0.92110
1.02914
1.13731
1.24356
1.34854
1.45162
1.55067
1.64645
1.74052
1.83412
1.92477
2.01291
2.09810
2.17956
2.25622
2.32889
2.39949
2.46857
2.53384
2.59453
2.65180
2.70432
2.75263
2.79710
2.83975
2.87804
2.91286
2.94194
2.96569
2.98616
3.00313
3.01616
3.02663
3.03147
3.03172
3.02683
3.01711
3.00534
2.98915
2.96956
2.94640
2.91814
2.88467
2.84652
2.80453
2.76028
2.71304
2.66076
2.60324
2.54125
2.47628
2.40852
2.33655
2.26174
2.18363
2.10246
2.01777
1.93104
1.84081
1.74721
1.65000
1.55115
1.45176
1.35160
1.24891
1.14343
1.03417
0.92417
0.81318
0.70321
0.59283
0.48212
0.36870
0.25414
0.13894
0.02453
-0.08906
-0.20337
-0.31625
-0.43135
-0.54723
-0.66234
-0.77444
-0.88471
-0.99346
-1.10288
-1.21321
-1.32124
-1.42658
-1.52811
-1.62620
-1.72273
-1.81981
-1.91606
-2.00998
-2.09918
-2.18263
-2.26325
-2.34290
-2.42122
-2.49634
-2.56727
-2.63386
-2.69626
-2.75423
-2.81026
-2.86195
-2.90993
-2.95263
-2.99162
-3.02559
-3.05625
-3.08311
-3.10578
-3.12419
-3.13558
-3.14194
-3.14317
-3.14315
-3.13970
-3.13093
-3.11625
-3.09647
-3.07058
-3.04161
-3.01110
-2.97637
-2.93601
-2.89102
-2.84056
-2.78667
-2.72830
-2.66676
-2.60148
-2.53161
-2.45972
-2.38363
-2.30406
-2.22017
-2.13387
-2.04575
-1.95512
-1.86157
-1.76509
-1.66736
-1.56427
-1.46030
-1.35487
-1.24971
-1.14230
-1.03278
-0.92194
-0.80953
-0.69580
-0.58097
-0.46694
-0.35133
-0.23730
-0.12328
-0.00782
0.10883
0.22399
0.33755
0.44840
0.55886
0.66983
0.78296
0.89413
1.00161
1.10592
1.20894
1.31018
1.41263
1.51255
1.60958
1.70330
1.79384
1.88232
1.96857
2.05372
2.13643
2.21582
2.29022
2.36041
2.42677
2.49132
2.55389
2.61261
2.66685
2.71656
2.76158
2.80316
2.84172
2.87812
2.90958
2.93613
2.95660
2.97427
2.98787
2.99842
3.00662
3.00960
3.00679
2.99850
2.98619
2.97174
2.95509
2.93455
2.90685
2.87392
2.83691
2.79698
2.75450
2.70906
2.65957
2.60493
2.54518
2.48000
2.41231
2.34346
2.27244
2.19876
2.11926
2.03469
1.94500
1.85497
1.76398
1.67191
1.57552
1.47482
1.37030
1.26409
1.15701
1.04865
0.93856
0.82733
0.71302
0.59530
0.47653
0.35820
0.24194
0.12420
0.00695
-0.11259
-0.23226
-0.35368
-0.47272
-0.58855
-0.70278
-0.81679
-0.93058
-1.04408
-1.15774
-1.26834
-1.37489
-1.47932
-1.58200
-1.68469
-1.78534
-1.88407
-1.97802
-2.06831
-2.15618
-2.24110
-2.32476
-2.40542
-2.48192
-2.55435
-2.62281
-2.68863
-2.75131
-2.81161
-2.86741
-2.91918
-2.96502
-3.00749
-3.04739
-3.08290
-3.11387
-3.14057
-3.16247
-3.17951
-3.19298
-3.20283
-3.20808
-3.20876
-3.20565
-3.19813
-3.18543
-3.16732
-3.14517
-3.12045
-3.09145
-3.05601
-3.01590
-2.97163
-2.92389
-2.87224
-2.81796
-2.75894
-2.69443
-2.62467
-2.55091
-2.47699
-2.40088
-2.32056
-2.23516
-2.14365
-2.05069
-1.95588
-1.86013
-1.76210
-1.66193
-1.55788
-1.45099
-1.34247
-1.23260
-1.12150
-1.00905
-0.89526
-0.77991
-0.66269
-0.54534
-0.42743
-0.31047
-0.19348
-0.07403
0.04625
0.16701
0.28506
0.40140
0.51678
0.63290
0.74797
0.86385
0.97781
1.08908
1.19655
1.30218
1.40785
1.51241
1.61420
1.71255
1.80831
1.90168
1.99228
2.08087
2.16682
2.24930
2.32692
2.40089
2.47173
2.53954
2.60527
2.66862
2.72821
2.78175
2.82942
2.87383
2.91590
2.95561
2.99099
3.02078
3.04423
3.06336
3.08040
3.09351
3.10187
3.10605
3.10530
3.09932
3.08862
3.07391
3.05441
3.03206
3.00470
2.97204
2.93415
2.88969
2.84315
2.79400
2.74068
2.68348
2.62091
2.55543
2.48645
2.41315
2.33629
2.25614
2.17424
2.08850
1.99890
1.90781
1.81348
1.71696
1.61683
1.51449
1.41039
1.30466
1.19822
1.08821
6.68545
0.86417
0.74980
0.63516
0.51973
0.40316
0.28383
0.16567
0.04717
-0.07034
-0.18912
-0.30693
-0.42506
-0.54367
-0.66214
-0.77884
-0.89459
-1.00779
-1.11837
-1.22872
-1.33985
-1.44998
-1.55843
-1.66295
-1.76373
-1.86017
-1.95587
-2.05147
-2.14525
-2.23565
-2.32142
-2.40302
-2.48095
-2.55840
-2.63103
-2.69954
-2.76483
-2.82585
-2.88225
-2.93437
-2.98388
-3.03015
-3.07126
-3.10781
-3.13978
-3.16557
-3.18797
-3.20705
-3.22219
-3.23201
-3.23713
-3.23754
-3.23261
-3.22396
-3.21105
-3.19426
-3.17299
-3.14747
-3.11744
-3.08221
-3.04194
-2.99794
-2.95091
-2.90134
-2.84658
-2.78603
-2.72141
-2.65312
-2.58253
-2.50933
-2.43209
-2.35053
-2.26407
-2.17588
-2.08468
-1.99138
-1.89526
-1.79692
-1.69437
-1.59071
-1.48491
-1.37581
-1.26557
-1.15476
-1.04273
-0.92841
-0.81198
-0.69373
-0.57497
-0.45555
-0.33687
-0.21659
-0.09590
0.02471
0.14507
0.26537
0.38447
0.50343
0.62241
0.74094
