
0.00000
0.00000
0.01267
0.07725
0.19284
0.33504
0.46117
0.53950
0.58005
0.61872
0.68310
0.77249
0.86884
0.95247
1.01405
1.05835
1.10086
1.15724
1.22902
1.30461
1.36870
1.41432
1.44892
1.48468
1.52988
1.58230
1.63386
1.67367
1.69975
1.72138
1.74981
1.78454
1.81775
1.84147
1.85586
1.86730
1.88090
1.89655
1.91097
1.91997
1.92207
1.91958
1.91595
1.91425
1.91230
1.90515
1.89124
1.87313
1.85297
1.83281
1.81261
1.78959
1.76234
1.73038
1.69453
1.65729
1.61999
1.58186
1.54145
1.49692
1.44872
1.39830
1.34635
1.29320
1.23932
1.18491
1.12826
1.06892
1.00721
0.94428
0.88034
0.81607
0.75194
0.68648
0.61966
0.55178
0.48224
0.41186
0.34109
0.27026
0.19940
0.12867
0.05819
-0.01340
-0.08588
-0.15765
-0.22806
-0.29725
-0.36647
-0.43567
-0.50540
-0.57498
-0.64367
-0.71075
-0.77484
-0.83709
-0.89864
-0.96097
-1.02289
-1.08281
-1.14005
-1.19474
-1.24737
-1.29869
-1.34977
-1.40043
-1.44965
-1.49492
-1.53603
-1.57349
-1.60992
-1.64721
-1.68351
-1.71708
-1.74660
-1.77211
-1.79436
-1.81519
-1.83532
-1.85432
-1.87115
-1.88391
-1.89250
-1.89754
-1.90037
-1.90181
-1.90127
-1.89829
-1.89175
-1.88189
-1.86905
-1.85406
-1.83764
-1.81870
-1.79618
-1.77055
-1.74168
-1.71099
-1.67881
-1.64474
-1.60730
-1.56712
-1.52463
-1.48057
-1.43544
-1.38876
-1.33972
-1.28798
-1.23332
-1.17635
-1.11796
-1.05856
-0.99919
-0.93866
-0.87639
-0.81083
-0.74345
-0.67508
-0.60684
-0.53801
-0.46900
-0.39898
-0.32749
-0.25365
-0.17971
-0.10664
-0.03489
0.03645
0.10885
0.18263
0.25643
0.32976
0.40184
0.47231
0.54175
0.61045
0.67989
0.74928
0.81727
0.88214
0.94470
1.00591
1.06718
1.12903
1.18930
1.24665
1.30008
1.35084
1.39994
1.44910
1.49876
1.54627
1.58933
1.62721
1.66163
1.69561
1.72925
1.76161
1.79089
1.81562
1.83659
1.85458
1.87055
1.88606
1.89929
1.90880
1.91449
1.91693
1.91728
1.91645
1.91327
1.90718
1.89791
1.88619
1.87154
1.85450
1.83525
1.81363
1.78941
1.76211
1.73259
1.70084
1.66632
1.62922
1.58958
1.54745
1.50331
1.45784
1.41062
1.36131
1.30957
1.25551
1.19977
1.14291
1.08481
1.02497
0.96282
0.89841
0.83308
0.76770
0.70197
0.63513
0.56676
0.49734
0.42662
0.35588
0.28512
0.21500
0.14457
0.07323
0.00132
-0.07058
-0.14274
-0.21378
-0.28516
-0.35581
-0.42637
-0.49686
-0.56678
-0.63560
-0.70253
-0.76822
-0.83356
-0.89842
-0.96195
-1.02371
-1.08387
-1.14251
-1.19960
-1.25564
-1.30996
-1.36261
-1.41341
-1.46157
-1.50790
-1.55320
-1.59747
-1.63964
-1.67857
-1.71386
-1.74623
-1.77687
-1.80644
-1.83366
-1.85777
-1.87834
-1.89554
-1.91015
-1.92293
-1.93463
-1.94340
-1.94905
-1.95074
-1.94875
-1.94373
-1.93706
-1.92913
-1.91855
-1.90453
-1.88624
-1.86464
-1.84152
-1.81635
-1.78883
-1.75801
-1.72359
-1.68692
-1.64857
-1.60848
-1.56728
-1.52324
-1.47569
-1.42509
-1.37223
-1.31775
-1.26257
-1.20626
-1.14850
-1.08811
-1.02425
-0.95905
-0.89320
-0.82639
-0.75850
-0.68960
-0.61824
-0.54636
-0.47465
-0.40244
-0.33023
-0.25672
-0.18227
-0.10709
-0.03222
0.04109
0.11324
0.18538
0.25829
0.33171
0.40511
0.47684
0.54606
0.61416
0.68099
0.74878
0.81684
0.88422
0.94980
1.01269
1.07328
1.13232
1.19066
1.24720
1.30286
1.35548
1.40566
1.45369
1.50056
1.54560
1.58768
1.62679
1.66309
1.69734
1.73000
1.76021
1.78723
1.81119
1.83281
1.85151
1.86791
1.88190
1.89362
1.90260
1.90771
1.91053
1.91158
1.90966
1.90554
1.89784
1.88680
1.87303
1.85674
1.83905
1.81982
1.79742
1.77036
1.73988
1.70794
1.67446
1.63990
1.60309
1.56311
1.52008
1.47462
1.42783
1.37964
1.32947
1.27626
1.21923
1.16110
1.10234
1.04350
0.98350
0.92250
0.85912
0.79372
0.72699
0.66005
0.59225
0.52402
0.45467
0.38423
0.31294
0.24247
0.17192
0.10162
0.03056
-0.04122
-0.11378
-0.18572
-0.25628
-0.32547
-0.39483
-0.46413
-0.53372
-0.60352
-0.67188
-0.73815
-0.80260
-0.86556
-0.92830
-0.99027
-1.04984
-1.10768
-1.16408
-1.21932
-1.27340
-1.32594
-1.37522
-1.42178
-1.46592
-1.50896
-1.55061
-1.59157
-1.63077
-1.66667
-1.69903
-1.72857
-1.75666
-1.78332
-1.80852
-1.83113
-1.85010
-1.86563
-1.87850
-1.88765
-1.89479
-1.90012
-1.90362
-1.90417
-1.90206
-1.89695
-1.88893
-1.87779
-1.86347
-1.84626
-1.82690
-1.80581
-1.78292
-1.75770
-1.72953
-1.69876
-1.66479
-1.62842
-1.58991
-1.55112
-1.51007
-1.46673
-1.42056
-1.37180
-1.32086
-1.26923
-1.21735
-1.16340
-1.10709
-1.04826
-0.98765
-0.92549
-0.86312
-0.80008
-0.73645
-0.67071
-0.60336
-0.53476
-0.46610
-0.39782
-0.32888
-0.25857
-0.18759
-0.11617
-0.04538
0.02498
0.09529
0.16597
0.23658
0.30661
0.37590
0.44465
0.51319
0.58141
0.64947
0.71627
0.78136
0.84454
0.90581
0.96731
1.02812
1.08817
1.14558
1.19990
1.25144
1.30154
1.35156
1.40114
1.44936
1.49401
1.53564
1.57416
1.61071
1.64538
1.67830
1.70917
1.73739
1.76307
1.78471
1.80344
1.82012
1.83509
1.84832
1.85911
1.86668
1.87136
1.87268
1.87179
1.86898
1.86294
1.85430
1.84348
1.83064
1.81500
1.79634
1.77529
1.75134
1.72480
1.69601
1.66493
1.63078
1.59421
1.55591
1.51496
1.47251
1.42831
1.38143
1.33102
1.27818
1.22368
1.16847
1.11114
1.05244
0.99167
0.92947
0.86579
0.80065
0.73529
0.66984
0.60331
0.53538
0.46549
0.39449
0.32415
0.25456
0.18463
0.11415
0.04253
-0.02972
-0.10198
-0.17317
-0.24398
-0.31394
-0.38453
-0.45548
-0.52620
-0.59539
-0.66327
-0.72984
-0.79584
-0.86190
-0.92734
-0.99083
-1.05113
-1.10886
-1.16619
-1.22305
-1.27883
-1.33249
-1.38311
-1.43098
-1.47622
-1.51990
-1.56275
-1.60372
-1.64243
-1.67807
-1.71056
-1.74058
-1.76895
-1.79469
-1.81794
-1.83812
-1.85627
-1.87136
-1.88431
-1.89498
-1.90310
-1.90856
-1.91108
-1.91073
-1.90768
-1.90273
-1.89544
-1.88463
-1.87073
-1.85411
-1.83559
-1.81481
-1.79183
-1.76519
-1.73529
-1.70268
-1.66896
-1.63362
-1.59602
-1.55521
-1.51186
-1.46686
-1.42037
-1.37264
-1.32282
-1.27078
-1.21708
-1.16126
-1.10382
-1.04452
-0.98361
-0.92138
-0.85775
-0.79272
-0.72662
-0.65975
-0.59155
-0.52221
-0.45274
-0.38207
-0.31053
-0.23875
-0.16751
-0.09567
-0.02430
0.04750
0.11983
0.19191
0.26313
0.33421
0.40534
0.47605
0.54627
0.61535
0.68258
0.74785
0.81234
0.87624
0.93941
1.00189
1.06286
1.12165
1.17754
1.23131
1.28418
1.33666
1.38773
1.43710
1.48410
1.52803
1.56865
1.60686
1.64373
1.67936
1.71351
1.74440
1.77198
1.79617
1.81774
1.83749
1.85458
1.86920
1.88045
1.88872
1.89378
1.89646
1.89652
1.89434
1.88900
1.88104
1.87060
1.85727
1.84185
1.82310
1.80176
1.77870
1.75279
1.72458
1.69396
1.66075
1.62559
1.58807
1.54825
1.50529
1.46099
1.41466
1.36615
1.31500
1.26111
1.20590
1.14929
1.09147
1.03196
0.96992
0.90645
0.84129
0.77599
0.70964
0.64178
0.57209
0.50199
0.43148
0.36059
0.28918
0.21733
0.14492
0.07192
-0.00106
-0.07298
-0.14481
-0.21687
-0.28876
-0.36061
-0.43192
-0.50226
-0.57192
-0.64088
-0.70883
-0.77548
-0.84090
-0.90619
-0.96997
-1.03276
-1.09341
-1.15265
-1.21053
-1.26601
-1.31958
-1.37180
-1.42252
-1.47073
-1.51702
-1.56043
-1.60225
-1.64241
-1.68058
-1.71691
-1.74990
-1.77978
-1.80753
-1.83263
-1.85564
-1.87628
-1.89479
-1.91093
-1.92507
-1.93578
-1.94325
-1.94755
-1.94883
-1.94825
-1.94528
-1.93947
-1.93155
-1.92021
-1.90561
-1.88800
-1.86778
-1.84453
-1.81855
-1.79019
-1.75903
-1.72552
-1.68911
-1.65010
-1.60885
-1.56572
-1.52076
-1.47341
-1.42466
-1.37359
-1.32010
-1.26486
-1.20790
-1.14961
-1.09099
-1.03128
-0.96973
-0.90605
-0.84087
-0.77522
-0.70965
-0.64280
-0.57581
-0.50714
-0.43674
-0.36438
-0.29301
-0.22220
-0.15169
-0.08027
-0.00892
0.06347
0.13573
0.20688
0.27664
0.34622
0.41582
0.48529
0.55525
0.62434
0.69122
0.75568
0.81941
0.88246
0.94569
1.00765
1.06801
1.12627
1.18203
1.23633
1.28949
1.34109
1.39058
1.43752
1.48241
1.52496
1.56526
1.60393
1.64034
1.67521
1.70749
1.73646
1.76281
1.78607
1.80726
1.82656
1.84411
1.85865
1.87002
1.87820
1.88303
1.88477
1.88440
1.88172
1.87692
1.86988
1.85942
1.84563
1.82789
1.80789
1.78519
1.76127
1.73573
1.70765
1.67572
1.64126
1.60407
1.56457
1.52365
1.48168
1.43773
1.39195
1.34332
1.29253
1.24030
1.18637
1.13084
1.07366
1.01530
0.95542
0.89321
0.82943
0.76533
0.70083
0.63558
0.56932
0.50269
0.43450
0.36527
0.29605
0.22668
0.15682
0.08615
0.01454
-0.05760
-0.12944
-0.19960
-0.26902
-0.33779
-0.40757
-0.47739
-0.54723
-0.61610
-0.68311
-0.74836
-0.81301
-0.87715
-0.94045
-1.00271
-1.06330
-1.12144
-1.17753
-1.23204
-1.28504
-1.33679
-1.38706
-1.43564
-1.48205
-1.52654
-1.56850
-1.60816
-1.64458
-1.67915
-1.71160
-1.74200
-1.77035
-1.79572
-1.81852
-1.83888
-1.85772
-1.87393
-1.88624
-1.89528
-1.90093
-1.90490
-1.90673
-1.90696
-1.90487
-1.89962
-1.89026
-1.87817
-1.86411
-1.84867
-1.83082
-1.81011
-1.78651
-1.75950
-1.72991
-1.69844
-1.66396
-1.62812
-1.58980
-1.54897
-1.50528
-1.45947
-1.41212
-1.36298
-1.31256
-1.25920
-1.20306
-1.14479
-1.08592
-1.02623
-0.96462
-0.90078
-0.83499
-0.76877
-0.70158
-0.63511
-0.56765
-0.49869
-0.42826
-0.35609
-0.28376
-0.21177
-0.14137
-0.07174
-0.00129
0.07095
0.14457
0.21704
0.28774
0.35667
0.42452
0.49302
0.56109
0.62879
0.69515
0.76016
0.82370
0.88613
0.94804
1.00921
1.06834
1.12549
1.18008
1.23312
1.28513
1.33558
1.38354
1.42894
1.47181
1.51282
1.55186
1.58888
1.62383
1.65562
1.68465
1.71177
1.73720
1.76035
1.78045
1.79748
1.81169
1.82297
1.83265
1.84005
1.84464
1.84542
1.84328
1.83924
1.83254
1.82326
1.81148
1.79712
1.77955
1.75918
1.73670
1.71214
1.68565
1.65653
1.62394
1.58787
1.54961
1.50971
1.46835
1.42540
1.38011
1.33170
1.28038
1.22683
1.17162
1.11620
1.05981
1.00133
0.94123
0.87908
0.81577
0.75186
0.68732
0.62233
0.55681
0.49049
0.42367
0.35591
0.28719
0.21816
0.14862
0.07892
0.00911
-0.06031
-0.12908
-0.19774
-0.26711
-0.33653
-0.40478
-0.47157
-0.53750
-0.60296
-0.66823
-0.73298
-0.79656
-0.85822
-0.91771
-0.97600
-1.03364
-1.09021
-1.14599
-1.19994
-1.25180
-1.30190
-1.35114
-1.39853
-1.44434
-1.48788
-1.52922
-1.56836
-1.60606
-1.64106
-1.67421
-1.70504
-1.73407
-1.76052
-1.78356
-1.80364
-1.82179
-1.83785
-1.85092
-1.86166
-1.87050
-1.87677
-1.87997
-1.88034
-1.87843
-1.87409
-1.86708
-1.85711
-1.84396
-1.82816
-1.81025
-1.79021
-1.76765
-1.74311
-1.71543
-1.68412
-1.65035
-1.61433
-1.57699
-1.53926
-1.49961
-1.45689
-1.41020
-1.36120
-1.31105
-1.26008
-1.20854
-1.15584
-1.10037
-1.04197
-0.98079
-0.91779
-0.85504
-0.79304
-0.73043
-0.66613
-0.59912
-0.53082
-0.46228
-0.39388
-0.32589
-0.25780
-0.18900
-0.11853
-0.04658
0.02419
0.09375
0.16228
0.23045
0.29849
0.36695
0.43467
0.50143
0.56727
0.63226
0.69674
0.76018
0.82282
0.88346
0.94224
0.99916
1.05508
1.11012
1.16383
1.21591
1.26666
1.31415
1.35899
1.40156
1.44281
1.48278
1.52093
1.55678
1.58904
1.61856
1.64639
1.67226
1.69640
1.71767
1.73620
1.75171
1.76438
1.77475
1.78291
1.78902
1.79301
1.79366
1.79150
1.78568
1.77701
1.76686
1.75535
1.74193
1.72609
1.70615
1.68326
1.65785
1.63049
1.60192
1.57115
1.53815
1.50208
1.46327
1.42225
1.37996
1.33546
1.29040
1.24339
1.19409
1.14170
1.08719
1.03041
0.97299
0.91564
0.85812
0.79868
0.73711
0.67379
0.60919
0.54468
0.47973
0.41448
0.34825
0.28049
0.21271
0.14575
0.07900
0.01143
-0.05645
-0.12532
-0.19477
-0.26386
-0.33172
-0.39863
-0.46471
-0.53067
-0.59640
-0.66261
-0.72758
-0.79101
-0.85240
-0.91322
-0.97252
-1.03096
-1.08917
-1.14632
-1.20166
-1.25479
-1.30577
-1.35514
-1.40317
-1.44931
-1.49372
-1.53595
-1.57638
-1.61516
-1.65209
-1.68595
-1.71722
-1.74557
-1.77194
-1.79600
-1.81774
-1.83727
-1.85382
-1.86823
-1.87907
-1.88718
-1.89261
-1.89601
-1.89719
-1.89552
-1.89147
-1.88395
-1.87319
-1.85902
-1.84307
-1.82509
-1.80554
-1.78301
-1.75774
-1.72892
-1.69776
-1.66419
-1.62820
-1.59060
-1.55101
-1.50972
-1.46570
-1.41904
-1.37036
-1.31960
-1.26779
-1.21466
-1.16044
-1.10399
-1.04556
-0.98496
-0.92360
-0.86181
-0.79943
-0.73615
-0.67063
-0.60472
-0.53823
-0.47120
-0.40381
-0.33580
-0.26787
-0.19914
-0.13047
-0.06173
0.00662
0.07440
0.14207
0.20935
0.27686
0.34443
0.41130
0.47712
0.54240
0.60705
0.67044
0.73265
0.79333
0.85292
0.91110
0.96821
1.02370
1.07836
1.13144
1.18285
1.23287
1.28116
1.32686
1.37093
1.41254
1.45196
1.48860
1.52387
1.55708
1.58838
1.61762
1.64451
1.66835
1.68929
1.70803
1.72477
1.73964
1.75209
1.76153
1.76808
1.77295
1.77526
1.77518
1.77256
1.76710
1.75925
1.74961
1.73835
1.72458
1.70717
1.68706
1.66528
1.64090
1.61501
1.58657
1.55511
1.52121
1.48474
1.44663
1.40751
1.36708
1.32401
1.27694
1.22713
1.17557
1.12347
1.07174
1.01866
0.96304
0.90393
0.84184
0.77860
0.71504
0.65158
0.58757
0.52195
0.45461
0.38470
0.31436
0.24525
0.17620
0.10689
0.03680
-0.03474
-0.10741
-0.18025
-0.25134
-0.32141
-0.38972
-0.45859
-0.52883
-0.59920
-0.66854
-0.73588
-0.80136
-0.86578
-0.92900
-0.99202
-1.05383
-1.11374
-1.17119
-1.22664
-1.28025
-1.33350
-1.38527
-1.43474
-1.48143
-1.52507
-1.56696
-1.60778
-1.64767
-1.68485
-1.71959
-1.75107
-1.77887
-1.80467
-1.82918
-1.85225
-1.87297
-1.89001
-1.90321
-1.91407
-1.92316
-1.92993
-1.93404
-1.93559
-1.93454
-1.93052
-1.92377
-1.91526
-1.90473
-1.89073
-1.87388
-1.85443
-1.83221
-1.80786
-1.78163
-1.75317
-1.72168
-1.68772
-1.65105
-1.61179
-1.57019
-1.52650
-1.48155
-1.43446
-1.38464
-1.33298
-1.27929
-1.22421
-1.16774
-1.10920
-1.04942
-0.98874
-0.92649
-0.86215
-0.79666
-0.73025
-0.66323
-0.59602
-0.52809
-0.45881
-0.38921
-0.31929
-0.24877
-0.17763
-0.10636
-0.03543
0.03509
0.10538
0.17595
0.24613
0.31566
0.38515
0.45417
0.52221
0.58892
0.65363
0.71678
0.77978
0.84258
0.90449
0.96400
1.02123
1.07663
1.13117
1.18418
1.23612
1.28637
1.33338
1.37811
1.42104
1.46219
1.50187
1.54029
1.57539
1.60697
1.63659
1.66365
1.68945
1.71348
1.73525
1.75341
1.76832
1.78025
1.79061
1.79884
1.80463
1.80772
1.80813
1.80525
1.79934
1.79115
1.78113
1.76873
1.75339
1.73515
1.71330
1.68835
1.66140
1.63282
1.60297
1.57091
1.53586
1.49782
1.45701
1.41394
1.36959
1.32347
1.27490
1.22425
1.17179
1.11841
1.06354
1.00660
0.94753
0.88759
0.82576
0.76388
0.70055
0.63685
4.93314
0.50551
0.43819
0.37002
0.30172
0.23363
0.16489
0.09471
0.02396
-0.04612
-0.11533
-0.18469
-0.25423
-0.32448
-0.39489
-0.46481
-0.53312
-0.59951
-0.66467
-0.72966
-0.79532
-0.86146
-0.92683
-0.98881
-1.04771
-1.10506
-1.16194
-1.21815
-1.27404
-1.32871
-1.38101
-1.42988
-1.47626
-1.52136
-1.56499
-1.60688
-1.64620
-1.68216
-1.71588
-1.74747
-1.77798
-1.80616
-1.83141
-1.85363
-1.87245
-1.88829
-1.90221
-1.91454
-1.92464
-1.93167
-1.93518
-1.93573
-1.93297
-1.92820
-1.92201
-1.91362
-1.90277
-1.88854
-1.87090
-1.84983
-1.82661
-1.80160
-1.77520
-1.74673
-1.71500
-1.68013
-1.64267
-1.60365
-1.56306
-1.52106
-1.47671
-1.43027
-1.38151
-1.33056
-1.27773
-1.22309
-1.16707
-1.10926
-1.05016
-0.98946
-0.92666
-0.86313
-0.79848
-0.73306
-0.66665
-0.59968
-0.53113
-0.46128
-0.39112
-0.32116
-0.25123
-0.18017
-0.10929
-0.03825
0.03258
0.10302
0.17319
0.24303
0.31372
0.38363
