
0.00000
0.00000
0.00000
0.00018
0.00074
0.00210
0.00438
0.00776
0.01199
0.01671
0.02149
0.02626
0.03099
0.03595
0.04117
0.04663
0.05221
0.05784
0.06336
0.06878
0.07418
0.07958
0.08503
0.09039
0.09561
0.10066
0.10558
0.11035
0.11508
0.11961
0.12396
0.12809
0.13213
0.13604
0.13973
0.14320
0.14641
0.14935
0.15220
0.15495
0.15753
0.15983
0.16181
0.16347
0.16495
0.16631
0.16749
0.16852
0.16921
0.16958
0.16970
0.16965
0.16945
0.16910
0.16852
0.16761
0.16643
0.16493
0.16325
0.16141
0.15936
0.15709
0.15453
0.15164
0.14853
0.14519
0.14173
0.13811
0.13420
0.13003
0.12563
0.12097
0.11620
0.11120
0.10605
0.10073
0.09509
0.08930
0.08330
0.07716
0.07091
0.06455
0.05807
0.05148
0.04484
0.03812
0.03132
0.02458
0.01780
0.01103
0.00422
-0.00254
-0.00929
-0.01603
-0.02267
-0.02930
-0.03585
-0.04240
-0.04890
-0.05537
-0.06180
-0.06815
-0.07445
-0.08061
-0.08675
-0.09274
-0.09864
-0.10442
-0.11007
-0.11560
-0.12094
-0.12610
-0.13103
-0.13575
-0.14024
-0.14446
-0.14843
-0.15212
-0.15559
-0.15871
-0.16158
-0.16413
-0.16645
-0.16850
-0.17031
-0.17181
-0.17305
-0.17402
-0.17472
-0.17519
-0.17538
-0.17531
-0.17504
-0.17446
-0.17364
-0.17261
-0.17139
-0.16992
-0.16826
-0.16638
-0.16430
-0.16204
-0.15957
-0.15691
-0.15407
-0.15101
-0.14773
-0.14433
-0.14063
-0.13679
-0.13271
-0.12847
-0.12408
-0.11947
-0.11470
-0.10979
-0.10472
-0.09951
-0.09413
-0.08864
-0.08304
-0.07726
-0.07145
-0.06550
-0.05948
-0.05341
-0.04726
-0.04110
-0.03489
-0.02867
-0.02246
-0.01620
-0.00994
-0.00366
0.00264
0.00885
0.01509
0.02130
0.02755
0.03377
0.04000
0.04616
0.05225
0.05829
0.06424
0.07011
0.07590
0.08159
0.08718
0.09264
0.09802
0.10324
0.10836
0.11335
0.11814
0.12278
0.12722
0.13145
0.13549
0.13939
0.14314
0.14666
0.14999
0.15308
0.15595
0.15861
0.16102
0.16319
0.16510
0.16666
0.16798
0.16904
0.16986
0.17038
0.17061
0.17064
0.17033
0.16981
0.16904
0.16798
0.16666
0.16508
0.16326
0.16121
0.15893
0.15643
0.15372
0.15078
0.14764
0.14430
0.14074
0.13700
0.13310
0.12899
0.12475
0.12028
0.11565
0.11090
0.10595
0.10088
0.09566
0.09032
0.08485
0.07923
0.07350
0.06766
0.06171
0.05562
0.04947
0.04327
0.03694
0.03066
0.02432
0.01798
0.01161
0.00529
-0.00107
-0.00741
-0.01372
-0.01996
-0.02615
-0.03226
-0.03836
-0.04433
-0.05026
-0.05604
-0.06177
-0.06730
-0.07277
-0.07812
-0.08334
-0.08842
-0.09338
-0.09819
-0.10289
-0.10738
-0.11172
-0.11589
-0.11987
-0.12373
-0.12737
-0.13083
-0.13414
-0.13723
-0.14015
-0.14283
-0.14536
-0.14767
-0.14980
-0.15167
-0.15339
-0.15488
-0.15611
-0.15718
-0.15800
-0.15865
-0.15909
-0.15932
-0.15937
-0.15916
-0.15879
-0.15820
-0.15742
-0.15648
-0.15531
-0.15395
-0.15243
-0.15069
-0.14876
-0.14668
-0.14435
-0.14182
-0.13912
-0.13620
-0.13310
-0.12983
-0.12633
-0.12272
-0.11896
-0.11503
-0.11099
-0.10673
-0.10235
-0.09776
-0.09310
-0.08827
-0.08332
-0.07819
-0.07295
-0.06760
-0.06210
-0.05657
-0.05086
-0.04513
-0.03927
-0.03337
-0.02744
-0.02146
-0.01552
-0.00953
-0.00350
0.00254
0.00863
0.01473
0.02080
0.02686
0.03290
0.03891
0.04488
0.05083
0.05668
0.06251
0.06828
0.07395
0.07952
0.08504
0.09048
0.09579
0.10100
0.10607
0.11105
0.11590
0.12062
0.12521
0.12962
0.13388
0.13797
0.14186
0.14561
0.14911
0.15236
0.15543
0.15825
0.16086
0.16320
0.16526
0.16710
0.16865
0.16997
0.17103
0.17191
0.17244
0.17277
0.17282
0.17264
0.17220
0.17152
0.17060
0.16942
0.16800
0.16633
0.16440
0.16217
0.15968
0.15698
0.15398
0.15075
0.14729
0.14365
0.13982
0.13579
0.13157
0.12717
0.12261
0.11785
0.11289
0.10779
0.10249
0.09702
0.09140
0.08560
0.07970
0.07370
0.06757
0.06129
0.05493
0.04845
0.04189
0.03525
0.02849
0.02164
0.01478
0.00786
0.00096
-0.00595
-0.01277
-0.01959
-0.02637
-0.03312
-0.03980
-0.04643
-0.05296
-0.05943
-0.06579
-0.07202
-0.07812
-0.08406
-0.08991
-0.09554
-0.10107
-0.10641
-0.11160
-0.11657
-0.12137
-0.12599
-0.13048
-0.13477
-0.13887
-0.14275
-0.14640
-0.14988
-0.15318
-0.15620
-0.15904
-0.16165
-0.16405
-0.16616
-0.16806
-0.16972
-0.17110
-0.17225
-0.17314
-0.17375
-0.17417
-0.17426
-0.17417
-0.17376
-0.17311
-0.17217
-0.17099
-0.16958
-0.16792
-0.16595
-0.16382
-0.16140
-0.15864
-0.15568
-0.15247
-0.14899
-0.14533
-0.14140
-0.13726
-0.13293
-0.12834
-0.12359
-0.11867
-0.11360
-0.10836
-0.10297
-0.09748
-0.09183
-0.08607
-0.08024
-0.07424
-0.06818
-0.06200
-0.05572
-0.04938
-0.04298
-0.03657
-0.03010
-0.02362
-0.01710
-0.01052
-0.00395
0.00267
0.00932
0.01598
0.02264
0.02930
0.03596
0.04257
0.04913
0.05569
0.06210
0.06845
0.07470
0.08082
0.08678
0.09263
0.09834
0.10388
0.10922
0.11439
0.11936
0.12422
0.12886
0.13328
0.13756
0.14159
0.14540
0.14897
0.15232
0.15545
0.15842
0.16109
0.16354
0.16572
0.16761
0.16924
0.17057
0.17169
0.17255
0.17310
0.17340
0.17345
0.17327
0.17283
0.17215
0.17126
0.17009
0.16869
0.16707
0.16526
0.16324
0.16102
0.15855
0.15595
0.15311
0.15013
0.14695
0.14357
0.14002
0.13627
0.13231
0.12816
0.12383
0.11929
0.11463
0.10982
0.10484
0.09975
0.09446
0.08905
0.08353
0.07787
0.07209
0.06623
0.06025
0.05421
0.04808
0.04190
0.03568
0.02941
0.02315
0.01683
0.01051
0.00426
-0.00202
-0.00828
-0.01447
-0.02060
-0.02672
-0.03275
-0.03871
-0.04464
-0.05048
-0.05625
-0.06192
-0.06755
-0.07310
-0.07852
-0.08385
-0.08903
-0.09416
-0.09918
-0.10407
-0.10883
-0.11348
-0.11798
-0.12232
-0.12650
-0.13055
-0.13440
-0.13811
-0.14157
-0.14480
-0.14781
-0.15057
-0.15316
-0.15553
-0.15767
-0.15958
-0.16126
-0.16272
-0.16394
-0.16495
-0.16574
-0.16630
-0.16660
-0.16668
-0.16652
-0.16612
-0.16552
-0.16469
-0.16362
-0.16234
-0.16082
-0.15909
-0.15711
-0.15494
-0.15253
-0.14987
-0.14701
-0.14394
-0.14067
-0.13717
-0.13349
-0.12963
-0.12550
-0.12125
-0.11675
-0.11210
-0.10729
-0.10232
-0.09718
-0.09190
-0.08649
-0.08097
-0.07534
-0.06966
-0.06393
-0.05805
-0.05213
-0.04616
-0.04014
-0.03409
-0.02798
-0.02185
-0.01565
-0.00944
-0.00317
0.00304
0.00925
0.01544
0.02157
0.02769
0.03375
0.03978
0.04580
0.05171
0.05763
0.06348
0.06932
0.07506
0.08071
0.08626
0.09169
0.09701
0.10217
0.10712
0.11190
0.11653
0.12097
0.12520
0.12928
0.13314
0.13680
0.14029
0.14356
0.14668
0.14958
0.15232
0.15481
0.15710
0.15921
0.16112
0.16283
0.16429
0.16548
0.16646
0.16721
0.16771
0.16795
0.16790
0.16768
0.16713
0.16636
0.16535
0.16412
0.16267
0.16102
0.15912
0.15703
0.15469
0.15212
0.14940
0.14651
0.14341
0.14015
0.13671
0.13307
0.12928
0.12533
0.12122
0.11696
0.11257
0.10798
0.10326
0.09838
0.09337
0.08831
0.08308
0.07781
0.07244
0.06695
0.06139
0.05573
0.05001
0.04424
0.03832
0.03235
0.02630
0.02020
0.01407
0.00788
0.00171
-0.00452
-0.01070
-0.01695
-0.02312
-0.02931
-0.03545
-0.04157
-0.04760
-0.05355
-0.05945
-0.06524
-0.07099
-0.07660
-0.08212
-0.08753
-0.09279
-0.09794
-0.10298
-0.10780
-0.11247
-0.11693
-0.12126
-0.12536
-0.12924
-0.13299
-0.13648
-0.13982
-0.14295
-0.14586
-0.14858
-0.15110
-0.15342
-0.15552
-0.15741
-0.15906
-0.16045
-0.16165
-0.16261
-0.16332
-0.16383
-0.16410
-0.16414
-0.16399
-0.16362
-0.16304
-0.16224
-0.16122
-0.15995
-0.15850
-0.15686
-0.15495
-0.15283
-0.15044
-0.14782
-0.14498
-0.14186
-0.13853
-0.13494
-0.13115
-0.12709
-0.12283
-0.11838
-0.11372
-0.10894
-0.10393
-0.09881
-0.09343
-0.08799
-0.08239
-0.07667
-0.07086
-0.06495
-0.05890
-0.05280
-0.04661
-0.04038
-0.03408
-0.02777
-0.02141
-0.01502
-0.00862
-0.00224
0.00418
0.01058
0.01698
0.02338
0.02969
0.03598
0.04222
0.04838
0.05444
0.06043
0.06630
0.07202
0.07767
0.08315
0.08848
0.09371
0.09876
0.10365
0.10843
0.11307
0.11756
0.12191
0.12611
0.13015
0.13401
0.13774
0.14132
0.14472
0.14792
0.15097
0.15381
0.15644
0.15879
0.16098
0.16291
0.16464
0.16608
0.16733
0.16834
0.16909
0.16969
0.17007
0.17022
0.17019
0.16994
0.16945
0.16873
0.16779
0.16657
0.16510
0.16343
0.16145
0.15922
0.15670
0.15395
0.15085
0.14753
0.14391
0.14005
0.13600
0.13171
0.12720
0.12252
0.11764
0.11261
0.10738
0.10200
0.09644
0.09074
0.08488
0.07884
0.07274
0.06655
0.06024
0.05387
0.04745
0.04099
0.03453
0.02811
0.02170
0.01528
0.00892
0.00257
-0.00371
-0.00996
-0.01613
-0.02230
-0.02843
-0.03452
-0.04058
-0.04662
-0.05259
-0.05852
-0.06438
-0.07017
-0.07586
-0.08152
-0.08708
-0.09249
-0.09781
-0.10298
-0.10799
-0.11288
-0.11759
-0.12212
-0.12642
-0.13057
-0.13449
-0.13822
-0.14180
-0.14515
-0.14833
-0.15130
-0.15404
-0.15660
-0.15892
-0.16098
-0.16281
-0.16448
-0.16591
-0.16710
-0.16807
-0.16884
-0.16940
-0.16970
-0.16980
-0.16964
-0.16920
-0.16857
-0.16765
-0.16648
-0.16507
-0.16348
-0.16167
-0.15967
-0.15751
-0.15515
-0.15261
-0.14988
-0.14698
-0.14390
-0.14064
-0.13720
-0.13359
-0.12981
-0.12582
-0.12166
-0.11735
-0.11288
-0.10819
-0.10338
-0.09846
-0.09338
-0.08816
-0.08282
-0.07736
-0.07180
-0.06611
-0.06031
-0.05439
-0.04832
-0.04213
-0.03590
-0.02950
-0.02305
-0.01658
-0.01002
-0.00339
0.00328
0.00993
0.01657
0.02325
0.02988
0.03647
0.04300
0.04950
0.05588
0.06223
0.06844
0.07459
0.08068
0.08665
0.09249
0.09820
0.10380
0.10929
0.11462
0.11978
0.12483
0.12970
0.13441
0.13897
0.14332
0.14755
0.15157
0.15543
0.15906
0.16250
0.16568
0.16867
0.17135
0.17380
0.17600
0.17794
0.17954
0.18093
0.18202
0.18284
0.18343
0.18373
0.18380
0.18368
0.18330
0.18269
0.18185
0.18080
0.17953
0.17805
0.17633
0.17434
0.17213
0.16972
0.16702
0.16414
0.16100
0.15768
0.15409
0.15026
0.14620
0.14191
0.13742
0.13271
0.12779
0.12263
0.11728
0.11170
0.10594
0.09998
0.09387
0.08760
0.08118
0.07462
0.06791
0.06109
0.05413
0.04715
0.04009
0.03300
0.02581
0.01859
0.01132
0.00400
-0.00333
-0.01062
-0.01793
-0.02522
-0.03244
-0.03961
-0.04663
-0.05359
-0.06048
-0.06719
-0.07380
-0.08023
-0.08654
-0.09273
-0.09873
-0.10456
-0.11024
-0.11572
-0.12102
-0.12610
-0.13099
-0.13560
-0.14004
-0.14420
-0.14811
-0.15182
-0.15526
-0.15849
-0.16151
-0.16430
-0.16691
-0.16933
-0.17150
-0.17350
-0.17523
-0.17675
-0.17807
-0.17914
-0.17998
-0.18059
-0.18093
-0.18111
-0.18099
-0.18062
-0.18002
-0.17921
-0.17814
-0.17686
-0.17530
-0.17353
-0.17148
-0.16920
-0.16668
-0.16389
-0.16088
-0.15770
-0.15423
-0.15054
-0.14657
-0.14241
-0.13804
-0.13346
-0.12871
-0.12374
-0.11862
-0.11333
-0.10782
-0.10219
-0.09638
-0.09039
-0.08429
-0.07799
-0.07159
-0.06501
-0.05834
-0.05155
-0.04468
-0.03775
-0.03073
-0.02360
-0.01639
-0.00911
-0.00179
0.00561
0.01295
0.02033
0.02772
0.03507
0.04241
0.04965
0.05679
0.06389
0.07089
0.07784
0.08466
0.09142
0.09798
0.10446
0.11078
0.11697
0.12301
0.12886
0.13456
0.14004
0.14535
0.15043
0.15534
0.15998
0.16438
0.16859
0.17249
0.17614
0.17953
0.18270
0.18559
0.18821
0.19052
0.19250
0.19423
0.19566
0.19680
0.19763
0.19818
0.19833
0.19823
0.19785
0.19715
0.19621
0.19496
0.19346
0.19161
0.18950
0.18714
0.18456
0.18179
0.17868
0.17543
0.17190
0.16816
0.16415
0.15993
0.15550
0.15089
0.14607
0.14100
0.13571
0.13026
0.12458
0.11874
0.11278
0.10658
0.10025
0.09369
0.08700
0.08018
0.07324
0.06614
0.05900
0.05175
0.04448
0.03713
0.02978
0.02243
0.01507
0.00772
0.00041
-0.00684
-0.01404
-0.02116
-0.02821
-0.03518
-0.04211
-0.04896
-0.05569
-0.06235
-0.06889
-0.07528
-0.08156
-0.08768
-0.09368
-0.09951
-0.10514
-0.11060
-0.11587
-0.12094
-0.12587
-0.13063
-0.13517
-0.13954
-0.14369
-0.14766
-0.15144
-0.15496
-0.15829
-0.16142
-0.16433
-0.16700
-0.16947
-0.17171
-0.17374
-0.17554
-0.17709
-0.17838
-0.17938
-0.18017
-0.18068
-0.18093
-0.18096
-0.18076
-0.18035
-0.17966
-0.17879
-0.17767
-0.17635
-0.17478
-0.17306
-0.17106
-0.16885
-0.16640
-0.16378
-0.16088
-0.15778
-0.15446
-0.15091
-0.14709
-0.14306
-0.13876
-0.13428
-0.12958
-0.12469
-0.11954
-0.11429
-0.10879
-0.10314
-0.09729
-0.09128
-0.08514
-0.07878
-0.07230
-0.06567
-0.05889
-0.05199
-0.04503
-0.03793
-0.03074
-0.02344
-0.01605
-0.00857
-0.00107
0.00643
0.01398
0.02149
0.02897
0.03644
0.04383
0.05119
0.05849
0.06569
0.07284
0.07988
0.08684
0.09368
0.10040
0.10698
0.11334
0.11957
0.12558
0.13144
0.13706
0.14248
0.14766
0.15269
0.15746
0.16209
0.16640
0.17056
0.17443
0.17805
0.18139
0.18443
0.18718
0.18961
0.19178
0.19363
0.19521
0.19648
0.19741
0.19806
0.19840
0.19851
0.19827
0.19776
0.19695
0.19586
0.19443
0.19280
0.19081
0.18856
0.18602
0.18324
0.18020
0.17691
0.17337
0.16959
0.16554
0.16131
0.15691
0.15233
0.14759
0.14262
0.13752
0.13223
0.12684
0.12130
0.11568
0.10994
0.10404
0.09807
0.09197
0.08586
0.07968
0.07343
0.06716
0.06081
0.05440
0.04789
0.04133
0.03472
0.02808
0.02137
0.01463
0.00784
0.00104
-0.00575
-0.01258
-0.01933
-0.02609
-0.03281
-0.03948
-0.04615
-0.05271
-0.05922
-0.06566
-0.07203
-0.07828
-0.08442
-0.09043
-0.09626
-0.10191
-0.10741
-0.11272
-0.11786
-0.12279
-0.12749
-0.13199
-0.13627
-0.14032
-0.14417
-0.14780
-0.15118
-0.15432
-0.15721
-0.15984
-0.16225
-0.16435
-0.16622
-0.16787
-0.16921
-0.17029
-0.17114
-0.17175
-0.17205
-0.17213
-0.17198
-0.17157
-0.17089
-0.17000
-0.16888
-0.16752
-0.16596
-0.16418
-0.16217
-0.15995
-0.15753
-0.15494
-0.15213
-0.14914
-0.14595
-0.14253
-0.13888
-0.13509
-0.13101
-0.12673
-0.12223
-0.11754
-0.11267
-0.10761
-0.10236
-0.09693
-0.09134
-0.08564
-0.07979
-0.07383
-0.06774
-0.06153
-0.05523
-0.04884
-0.04235
-0.03581
-0.02922
-0.02250
-0.01578
-0.00893
-0.00212
0.00472
0.01160
0.01853
0.02541
0.03230
0.03917
0.04599
0.05275
0.05945
0.06605
0.07258
0.07903
0.08533
0.09160
0.09773
0.10376
0.10960
0.11530
0.12084
0.12626
0.13142
0.13639
0.14112
0.14565
0.14995
0.15401
0.15787
0.16148
0.16485
0.16792
0.17074
0.17332
0.17562
0.17771
0.17950
0.18103
0.18230
0.18332
0.18412
0.18466
0.18493
0.18496
0.18472
0.18422
0.18353
0.18256
0.18140
0.18005
0.17846
0.17662
0.17457
0.17226
0.16969
0.16690
0.16383
0.16058
0.15705
0.15334
0.14939
0.14524
0.14089
0.13635
0.13159
0.12669
0.12156
0.11631
0.11089
0.10530
0.09961
0.09378
0.08785
0.42821
0.07560
0.06935
0.06295
0.05651
0.05000
0.04344
0.03688
0.03022
0.02360
0.01694
0.01023
0.00356
-0.00307
-0.00964
-0.01618
-0.02273
-0.02919
-0.03564
-0.04200
-0.04827
-0.05441
-0.06040
-0.06635
-0.07220
-0.07792
-0.08352
-0.08897
-0.09427
-0.09945
-0.10447
-0.10938
-0.11414
-0.11871
-0.12313
-0.12732
-0.13132
-0.13513
-0.13876
-0.14219
-0.14540
-0.14839
-0.15121
-0.15380
-0.15622
-0.15844
-0.16042
-0.16216
-0.16367
-0.16492
-0.16593
-0.16671
-0.16722
-0.16751
-0.16750
-0.16729
-0.16680
-0.16606
-0.16505
-0.16379
-0.16233
-0.16056
-0.15854
-0.15630
-0.15384
-0.15115
-0.14831
-0.14524
-0.14192
-0.13847
-0.13480
-0.13096
-0.12693
-0.12271
-0.11831
-0.11371
-0.10891
-0.10396
-0.09886
-0.09352
-0.08807
-0.08246
-0.07671
-0.07086
-0.06491
-0.05887
-0.05278
-0.04659
-0.04035
-0.03403
-0.02768
-0.02131
-0.01489
-0.00844
-0.00194
0.00459
0.01113
0.01767
0.02417
0.03062
