
0.00000
0.00000
0.00082
0.00934
0.03693
0.10223
0.21398
0.37685
0.58196
0.81072
1.04320
1.27401
1.50430
1.74387
1.99666
2.26096
2.53142
2.80522
3.07324
3.33666
3.59764
3.86019
4.12289
4.38410
4.63702
4.88153
5.11959
5.35274
5.57984
5.79997
6.01159
6.21244
6.40827
6.59669
6.77577
6.94427
7.09988
7.24323
7.38140
7.51446
7.63847
7.75182
7.84743
7.92662
7.99905
8.06478
8.12243
8.17141
8.20613
8.22384
8.22930
8.22779
8.21806
8.20057
8.17206
8.12879
8.07083
7.99810
7.91696
7.82753
7.72791
7.61768
7.49279
7.35381
7.20268
7.04083
6.87349
6.69696
6.50777
6.30543
6.09240
5.86689
5.63396
5.39307
5.14318
4.88411
4.61227
4.33115
4.03970
3.74175
3.43936
3.13117
2.81673
2.49762
2.17427
1.84881
1.51995
1.19268
0.86403
0.53557
0.20612
-0.12202
-0.45041
-0.77537
-1.09932
-1.41884
-1.73728
-2.05511
-2.36996
-2.68407
-2.99509
-3.30378
-3.60926
-3.90847
-4.20592
-4.49605
-4.78216
-5.06285
-5.33757
-5.60451
-5.86342
-6.11350
-6.35230
-6.58205
-6.80027
-7.00417
-7.19655
-7.37634
-7.54371
-7.69489
-7.83438
-7.95691
-8.07030
-8.17016
-8.25787
-8.33059
-8.39073
-8.43816
-8.47171
-8.49334
-8.50398
-8.50023
-8.48656
-8.45855
-8.41888
-8.36938
-8.30956
-8.23973
-8.15839
-8.06706
-7.96664
-7.85692
-7.73670
-7.60728
-7.47008
-7.32142
-7.16268
-6.99740
-6.81880
-6.63153
-6.43401
-6.22911
-6.01516
-5.79158
-5.56089
-5.32190
-5.07673
-4.82421
-4.56326
-4.29823
-4.02523
-3.74609
-3.46364
-3.17507
-2.88364
-2.58905
-2.29186
-1.99214
-1.69068
-1.38972
-1.08762
-0.78401
-0.48028
-0.17703
0.12847
0.42935
0.73306
1.03392
1.33715
1.63924
1.94089
2.23928
2.53435
2.82770
3.11582
3.39984
3.68100
3.95771
4.22788
4.49346
4.75255
5.00616
5.25425
5.49662
5.72949
5.95476
6.16969
6.37504
6.57035
6.75968
6.94102
7.11241
7.27368
7.42318
7.56244
7.69081
7.80871
7.91348
8.00511
8.08188
8.14577
8.19750
8.23679
8.26222
8.27357
8.27477
8.26077
8.23526
8.19710
8.14533
8.08200
8.00648
7.91712
7.81727
7.70689
7.58608
7.45462
7.31261
7.16022
6.99761
6.82577
6.64411
6.45475
6.25592
6.04961
5.83329
5.60835
5.37831
5.13832
4.89274
4.63964
4.38160
4.11517
3.84297
3.56487
3.28241
2.99252
2.69807
2.39984
2.09798
1.79283
1.48684
1.17987
0.87200
0.56446
0.25655
-0.05167
-0.35786
-0.66415
-0.96773
-1.26741
-1.56400
-1.85918
-2.14909
-2.43598
-2.71743
-2.99450
-3.26260
-3.52812
-3.78740
-4.04012
-4.28755
-4.52691
-4.76043
-4.98796
-5.20612
-5.41618
-5.61788
-5.81172
-5.99893
-6.17625
-6.34370
-6.50344
-6.65373
-6.79444
-6.92569
-7.04795
-7.16017
-7.26286
-7.35407
-7.43654
-7.50897
-7.56884
-7.62019
-7.66085
-7.69290
-7.71440
-7.72538
-7.72620
-7.71763
-7.69866
-7.67059
-7.63245
-7.58613
-7.53095
-7.46486
-7.39100
-7.30660
-7.21383
-7.11171
-6.99898
-6.87657
-6.74464
-6.60362
-6.45317
-6.29456
-6.12512
-5.95009
-5.76772
-5.57752
-5.38146
-5.17467
-4.96272
-4.74064
-4.51375
-4.27917
-4.03938
-3.79094
-3.53692
-3.27699
-3.01100
-2.74099
-2.46541
-2.18748
-1.90378
-1.61738
-1.32954
-1.04032
-0.75147
-0.46207
-0.16917
0.12385
0.41933
0.71422
1.00939
1.30277
1.59543
1.88779
2.17645
2.46517
2.74888
3.03144
3.31122
3.58682
3.85749
4.12490
4.38757
4.64557
4.89814
5.14403
5.38516
5.62077
5.84992
6.07175
6.28503
6.49273
6.69076
6.87930
7.06073
7.23099
7.38918
7.53761
7.67426
7.80076
7.91427
8.01472
8.10312
8.17918
8.24213
8.29399
8.33585
8.36252
8.37801
8.38006
8.37245
8.35088
8.31724
8.27375
8.21566
8.14707
8.06589
7.97140
7.86421
7.74444
7.61207
7.46689
7.31132
7.14205
6.96577
6.78085
6.58505
6.38066
6.16741
5.94591
5.71470
5.47449
5.22740
4.97052
4.70539
4.43248
4.15155
3.86563
3.57447
3.27739
2.97301
2.66455
2.34935
2.03154
1.70977
1.38277
1.05097
0.71717
0.38183
0.04739
-0.28699
-0.61842
-0.94958
-1.27729
-1.60588
-1.92929
-2.25061
-2.56737
-2.88108
-3.18989
-3.49135
-3.78803
-4.07620
-4.35914
-4.63179
-4.90034
-5.15905
-5.41052
-5.65172
-5.88397
-6.10906
-6.32560
-6.53365
-6.73216
-6.92123
-7.09880
-7.26706
-7.42658
-7.57331
-7.71091
-7.83882
-7.95346
-8.05616
-8.14828
-8.22835
-8.29625
-8.35179
-8.39420
-8.42468
-8.44402
-8.45007
-8.44429
-8.42464
-8.39270
-8.34841
-8.29133
-8.22213
-8.14176
-8.04778
-7.94193
-7.82481
-7.69234
-7.54781
-7.39202
-7.22396
-7.04534
-6.85600
-6.65553
-6.44479
-6.22363
-5.99253
-5.75385
-5.50735
-5.25350
-4.99235
-4.72526
-4.45242
-4.17347
-3.88925
-3.59909
-3.30538
-3.00573
-2.70106
-2.39359
-2.08343
-1.77210
-1.45921
-1.14484
-0.82842
-0.50992
-0.19018
0.13086
0.45273
0.77546
1.09871
1.42150
1.74398
2.06459
2.38233
2.70080
3.01152
3.31981
3.62275
3.91874
4.20883
4.49292
4.76948
5.03849
5.29623
5.54748
5.79004
6.02347
6.24872
6.46388
6.67053
6.86531
7.05004
7.22311
7.38667
7.53933
7.68112
7.81129
7.93110
8.03637
8.12743
8.20669
8.27174
8.32612
8.36767
8.39394
8.40886
8.41108
8.40181
8.38077
8.34838
8.30543
8.24852
8.18116
8.10251
8.01408
7.91578
7.80809
7.68934
7.56275
7.42520
7.28018
7.12683
6.96275
6.79076
6.60856
6.41586
6.21562
6.00519
5.78535
5.55943
5.32591
5.08477
4.83754
4.58133
4.31879
4.05078
3.77632
3.49694
3.21262
2.92206
2.62896
2.33193
2.03270
1.73085
1.42746
1.12331
0.81646
0.51144
0.20741
-0.09687
-0.40110
-0.70040
-0.99817
-1.29478
-1.58731
-1.87713
-2.16410
-2.44784
-2.72680
-3.00245
-3.27518
-3.54385
-3.80701
-4.06434
-4.31694
-4.56580
-4.80888
-5.04543
-5.27766
-5.50257
-5.72082
-5.93053
-6.13355
-6.32914
-6.51634
-6.69522
-6.86399
-7.01977
-7.16630
-7.30060
-7.42638
-7.54116
-7.64526
-7.73847
-7.81899
-7.88884
-7.94811
-7.99808
-8.03606
-8.06300
-8.07739
-8.08069
-8.07366
-8.05496
-8.02475
-7.98457
-7.93317
-7.87118
-7.79772
-7.71328
-7.61863
-7.51235
-7.39489
-7.26715
-7.12784
-6.97892
-6.82038
-6.65084
-6.47279
-6.28454
-6.08611
-5.87751
-5.66022
-5.43571
-5.20250
-4.96120
-4.71154
-4.45530
-4.19305
-3.92501
-3.65266
-3.37682
-3.09866
-2.81444
-2.52718
-2.23741
-1.94630
-1.65263
-1.35659
-1.05917
-0.75796
-0.45652
-0.15405
0.14769
0.44980
0.74863
1.04646
1.34367
1.63716
1.93005
2.22133
2.50785
2.79525
3.07941
3.36192
3.64024
3.91361
4.18283
4.44702
4.70448
4.95460
5.19467
5.42743
5.65084
5.86664
6.07269
6.27007
6.45672
6.63394
6.80341
6.96223
7.11322
7.25389
7.38607
7.50783
7.61885
7.72104
7.81387
7.89588
7.96718
8.02492
8.07346
8.10882
8.13273
8.14493
8.14265
8.13081
8.10497
8.06863
8.01887
7.95896
7.88905
7.80824
7.71688
7.61457
7.50127
7.37725
7.24557
7.10498
6.95512
6.79586
6.62817
6.45209
6.26971
6.07789
5.87958
5.67243
5.45950
5.23697
5.00733
4.77027
4.52817
4.28251
4.02910
3.77471
3.51287
3.24696
2.97726
2.70365
2.42595
2.14546
1.85785
1.56892
1.27661
0.98085
0.68293
0.38313
0.08261
-0.21804
-0.51864
-0.82072
-1.12048
-1.42071
-1.71866
-2.01508
-2.30769
-2.59646
-2.88195
-3.16354
-3.44108
-3.71332
-3.98128
-4.24348
-4.49900
-4.74912
-4.99184
-5.22719
-5.45339
-5.67012
-5.87966
-6.07770
-6.26652
-6.44756
-6.61792
-6.77902
-6.93131
-7.07160
-7.20375
-7.32668
-7.43854
-7.53988
-7.63152
-7.71129
-7.77991
-7.83731
-7.88382
-7.91806
-7.94320
-7.95652
-7.95840
-7.95066
-7.93348
-7.90498
-7.86583
-7.81683
-7.75548
-7.68562
-7.60531
-7.51280
-7.41018
-7.29387
-7.16725
-7.02884
-6.87775
-6.71684
-6.54217
-6.35925
-6.16162
-5.95573
-5.73965
-5.51428
-5.28145
-5.03837
-4.78943
-4.53005
-4.26593
-3.99393
-3.71646
-3.43504
-3.14813
-2.85576
-2.55912
-2.25956
-1.95721
-1.65235
-1.34608
-1.03777
-0.72759
-0.41739
-0.10723
0.20271
0.51396
0.82422
1.13365
1.44084
1.74583
2.04789
2.34686
2.64174
2.93065
3.21515
3.49321
3.76720
4.03280
4.29104
4.54486
4.78933
5.02761
5.25799
5.48376
5.70045
5.91226
6.11582
6.31166
6.49908
6.67876
6.85296
7.01730
7.17360
7.32099
7.45863
7.58572
7.70003
7.80623
7.90031
7.98439
8.05483
8.11517
8.16320
8.19990
8.22841
8.24711
8.25428
8.25337
8.24163
8.21697
8.18280
8.13644
8.07781
8.00702
7.92592
7.82930
7.72088
7.59949
7.46563
7.31520
7.15388
6.97917
6.79181
6.59501
6.38653
6.16964
5.94145
5.70470
5.46074
5.20773
4.94728
4.67761
4.40031
4.11591
3.82413
3.52778
3.22799
2.92219
2.61313
2.30145
1.98755
1.67526
1.36289
1.05312
0.74144
0.43299
0.12580
-0.17874
-0.48232
-0.78154
-1.08042
-1.37736
-1.67325
-1.96695
-2.25927
-2.54928
-2.83626
-3.12119
-3.40115
-3.67784
-3.95154
-4.22139
-4.48456
-4.74177
-4.99250
-5.23576
-5.47374
-5.70109
-5.92068
-6.12913
-6.32901
-6.52072
-6.70242
-6.87493
-7.03795
-7.19194
-7.33572
-7.46945
-7.59310
-7.70493
-7.80550
-7.89498
-7.97505
-8.04473
-8.10198
-8.14969
-8.18672
-8.21340
-8.22813
-8.23222
-8.22470
-8.20389
-8.17277
-8.12864
-8.07193
-8.00396
-7.92660
-7.83870
-7.74188
-7.63737
-7.52207
-7.39984
-7.26770
-7.12620
-6.97749
-6.81834
-6.65253
-6.47774
-6.29408
-6.10052
-5.89901
-5.69057
-5.47252
-5.24517
-5.01304
-4.77321
-4.52714
-4.27414
-4.01529
-3.75009
-3.48092
-3.20463
-2.92434
-2.63672
-2.34264
-2.04228
-1.73972
-1.43023
-1.11822
-0.80354
-0.48535
-0.16383
0.15959
0.48189
0.80406
1.12763
1.44868
1.76819
2.08594
2.40128
2.71085
3.01871
3.31970
3.61850
3.91331
4.20262
4.48512
4.76283
5.03474
5.29978
5.55811
5.80961
6.05367
6.28974
6.51772
6.73941
6.95103
7.15507
7.34993
7.53739
7.71308
7.88035
8.03460
8.17851
8.30994
8.42883
8.53516
8.62868
8.70740
8.77473
8.82732
8.86738
8.89572
8.90989
8.91358
8.90643
8.88855
8.85948
8.81844
8.76788
8.70616
8.63434
8.55041
8.45494
8.34810
8.23044
8.09985
7.95895
7.80781
7.64626
7.47266
7.28716
7.09030
6.88272
6.66469
6.43585
6.19703
5.94681
5.68829
5.41805
5.13793
4.84877
4.55213
4.24935
3.93716
3.61933
3.29313
2.96319
2.62624
2.28648
1.94501
1.60033
1.25195
0.90251
0.54911
0.19466
-0.15969
-0.51464
-0.86821
-1.22204
-1.57273
-1.92010
-2.26094
-2.59897
-2.93158
-3.25696
-3.57716
-3.88964
-4.19650
-4.49549
-4.78671
-5.07027
-5.34485
-5.61089
-5.86781
-6.11425
-6.34998
-6.57505
-6.78950
-6.99120
-7.18165
-7.36061
-7.52794
-7.68484
-7.83073
-7.96666
-8.09325
-8.20944
-8.31518
-8.41229
-8.49574
-8.57008
-8.63317
-8.68531
-8.72747
-8.75562
-8.77325
-8.78039
-8.77567
-8.75745
-8.72770
-8.68941
-8.63743
-8.57431
-8.50013
-8.41335
-8.31358
-8.20350
-8.08086
-7.94672
-7.80119
-7.64622
-7.47806
-7.29824
-7.10602
-6.90499
-6.69282
-6.47097
-6.24030
-5.99953
-5.75073
-5.49382
-5.22760
-4.95364
-4.67206
-4.38276
-4.08584
-3.78150
-3.47020
-3.15216
-2.82886
-2.49870
-2.16606
-1.82976
-1.48859
-1.14429
-0.79290
-0.44032
-0.08580
0.27197
0.62822
0.98709
1.34534
1.70138
2.05712
2.40783
2.75506
3.09877
3.43872
3.77530
4.10645
4.43261
4.75196
5.06599
5.37232
5.67242
5.96551
6.24983
6.52507
6.79083
7.04894
7.29595
7.53238
7.75788
7.97214
8.17590
8.36447
8.54172
8.70603
8.86004
8.99964
9.12705
9.23845
9.33506
9.41895
9.48804
9.54275
9.58316
9.61041
9.61838
9.61343
9.59400
9.56033
9.51443
9.45498
9.38139
9.29136
9.18990
9.07531
8.94940
8.81510
8.66574
8.50707
8.33698
8.15433
7.96025
7.75624
7.54189
7.31797
7.08327
6.83830
6.58108
6.31675
6.04147
5.75837
5.46963
5.16947
4.86055
4.54374
4.21994
3.88816
3.55249
3.20853
2.86181
2.51021
2.15708
1.80048
1.44439
1.08841
0.73120
0.37418
0.02009
-0.33124
-0.68057
-1.02537
-1.36639
-1.70573
-2.04115
-2.37357
-2.70045
-3.02197
-3.33867
-3.64919
-3.95390
-4.25197
-4.54237
-4.82419
-5.09711
-5.36258
-5.61829
-5.86372
-6.10265
-6.33431
-6.55413
-6.76498
-6.96757
-7.15932
-7.34255
-7.51326
-7.67493
-7.82688
-7.96735
-8.09730
-8.21686
-8.32554
-8.42372
-8.51055
-8.58672
-8.64886
-8.69700
-8.73523
-8.75989
-8.77292
-8.77394
-8.76510
-8.74442
-8.71089
-8.66867
-8.61435
-8.54993
-8.47387
-8.39130
-8.29394
-8.18704
-8.06883
-7.94087
-7.80030
-7.65061
-7.48895
-7.31595
-7.13191
-6.93679
-6.72798
-6.51063
-6.28264
-6.04445
-5.79697
-5.54061
-5.27453
-5.00010
-4.71718
-4.42572
-4.12682
-3.81895
-3.50555
-3.18382
-2.85477
-2.52135
-2.18243
-1.83748
-1.48960
-1.13658
-0.77739
-0.41538
-0.05120
0.31294
0.67882
1.04264
1.40603
1.76767
2.12611
2.48363
2.83697
3.18628
3.53278
3.87325
4.21141
4.54310
4.86876
5.18864
5.49658
5.79829
6.09035
6.37387
6.64721
6.90866
7.16107
7.40366
7.63606
7.85957
8.07037
8.27155
8.45875
8.63497
8.79636
8.94403
9.07758
9.19508
9.30027
9.38951
9.46584
9.52718
9.57302
9.60492
9.62188
9.62544
9.61453
9.59058
9.55004
9.49772
9.42846
9.34889
9.25202
9.14369
9.02100
8.88591
8.73860
8.57844
8.40720
8.22329
8.02735
7.82306
7.60924
7.38745
7.15691
6.91645
6.66865
6.41250
6.15060
5.88245
5.61019
5.33154
5.04610
4.75554
4.46070
4.16430
3.86483
3.56193
3.25743
2.94938
2.63812
2.32289
2.00487
1.68389
1.36150
1.03659
0.70978
0.38058
0.05159
-0.27842
-0.60819
-0.93663
-1.26352
-1.58898
-1.91374
-2.23699
-2.55605
-2.87128
-3.18382
-3.49145
-3.79491
-4.09281
-4.38454
-4.66689
-4.94130
-5.20855
-5.46529
-5.71343
-5.95299
-6.18151
-6.39890
-6.60647
-6.80386
-6.98995
-7.16704
-7.33047
-7.48267
-7.62229
-7.75049
-7.86583
-7.96872
-8.06004
-8.13940
-8.20470
-8.25709
-8.29760
-8.32752
-8.34198
-8.34602
-8.33839
-8.31784
-8.28529
-8.24157
-8.18799
-8.12275
-8.04620
-7.96084
-7.86294
-7.75537
-7.63811
-7.51222
-7.37654
-7.23037
-7.07620
-6.90986
-6.73401
-6.54870
-6.35151
-6.14484
-5.92588
-5.69841
-5.46299
-5.21679
-4.96307
-4.69900
-4.42832
-4.15136
-3.86783
-3.57947
-3.28373
-2.98372
-2.67765
-2.36702
-2.05301
-1.73513
-1.41543
-1.09154
-0.76430
-0.43310
-0.10268
0.22945
0.56297
0.89857
1.23232
1.56704
1.89982
2.23128
2.55906
2.88375
3.20377
3.51986
3.83284
4.13859
4.44263
4.74027
5.03121
5.31537
5.59108
5.85983
6.12254
6.37284
6.61357
6.84388
7.06338
7.27249
7.46878
7.65597
7.83104
7.99475
8.14384
8.27993
8.40496
8.51617
8.61744
8.70459
8.77883
8.84091
8.88976
8.92801
8.95434
8.96837
8.96939
8.95815
8.93387
8.89892
8.85393
8.79705
8.73145
8.65369
8.56587
8.46544
8.35378
8.22958
8.09374
7.94527
7.78690
7.61618
7.43657
7.24480
7.04348
6.83263
6.61250
6.38143
6.14376
5.89545
5.64058
5.37740
5.10725
4.83082
4.54836
4.25959
25.75745
3.66638
3.36285
3.05329
2.74167
2.42592
2.10758
1.78907
1.46745
1.14506
0.82258
0.49687
0.17331
-0.14803
-0.46696
-0.78410
-1.10087
-1.41483
-1.72765
-2.03568
-2.33962
-2.63662
-2.92906
-3.21679
-3.50074
-3.77762
-4.04912
-4.31432
-4.57039
-4.82112
-5.06560
-5.30307
-5.53387
-5.75524
-5.96898
-6.17346
-6.36706
-6.55139
-6.72786
-6.89417
-7.04973
-7.19520
-7.33138
-7.45741
-7.57431
-7.68181
-7.77917
-7.86195
-7.93549
-7.99615
-8.04498
-8.08351
-8.10876
-8.12233
-8.12213
-8.11207
-8.08644
-8.05101
-8.00234
-7.94172
-7.87019
-7.78444
-7.68718
-7.57944
-7.45937
-7.32937
-7.19103
-7.04170
-6.88173
-6.71338
-6.53538
-6.34927
-6.15404
-5.94940
-5.73603
-5.51304
-5.28044
-5.04091
-4.79233
-4.53465
-4.26931
-3.99797
-3.71871
-3.43506
-3.14608
-2.85415
-2.55706
-2.25779
-1.95636
-1.64917
-1.34145
-1.03265
-0.72224
-0.40864
-0.09364
0.22380
0.54015
0.85714
1.17254
1.48549
