
0.00000
0.00000
0.03981
0.24903
0.62427
1.08140
1.51160
1.86112
2.16374
2.49719
2.91442
3.40373
3.90425
4.36366
4.76574
5.13435
5.51519
5.94528
6.41373
6.88470
7.31422
7.68953
8.03156
8.37890
8.75489
9.15249
9.53773
9.87683
10.16666
10.43588
10.71474
11.00533
11.29644
11.55987
11.78152
11.97073
12.14699
12.32377
12.50142
12.66354
12.79796
12.90567
12.98708
13.04835
13.10054
13.14475
13.17467
13.18528
13.16577
13.11979
13.05815
12.98621
12.90214
12.80509
12.68839
12.54624
12.37858
12.18925
11.99188
11.78463
11.56229
11.32298
11.05823
10.77079
10.46602
10.15024
9.83112
9.49874
9.14752
8.77492
8.38488
7.97977
7.56950
7.15442
6.73033
6.29282
5.83518
5.36109
4.87347
4.38431
3.89888
3.41000
2.91109
2.39794
1.87536
1.35371
0.83727
0.32968
-0.17725
-0.68793
-1.20610
-1.72458
-2.23927
-2.74179
-3.23414
-3.71638
-4.19797
-4.68273
-5.16585
-5.64153
-6.10388
-6.55509
-6.99693
-7.42949
-7.86248
-8.28935
-8.70484
-9.10167
-9.48091
-9.84451
-10.19920
-10.54721
-10.88098
-11.19609
-11.48790
-11.75383
-12.00129
-12.23404
-12.45404
-12.65487
-12.83552
-12.98739
-13.12086
-13.23212
-13.32544
-13.39992
-13.45824
-13.49764
-13.51270
-13.50342
-13.47585
-13.43116
-13.37373
-13.29628
-13.19670
-13.07706
-12.93925
-12.78413
-12.61438
-12.43137
-12.23083
-12.01336
-11.77771
-11.52617
-11.26388
-10.98651
-10.69570
-10.39363
-10.06965
-9.72741
-9.36845
-9.00230
-8.62841
-8.24385
-7.84732
-7.43259
-7.00489
-6.56727
-6.12239
-5.67615
-5.22199
-4.75747
-4.28193
-3.79440
-3.30460
-2.81683
-2.33029
-1.84095
-1.34719
-0.84942
-0.34924
0.15122
0.64676
1.13601
1.62433
2.10818
2.59830
3.08582
3.57175
4.04571
4.51097
4.96921
5.42742
5.88781
6.33812
6.77268
7.19314
7.60370
8.00555
8.40237
8.79252
9.17096
9.53092
9.87315
10.19806
10.51306
10.81708
11.10657
11.37705
11.63083
11.86637
12.08429
12.28640
12.47469
12.64745
12.80245
12.93599
13.04778
13.13824
13.20853
13.26032
13.29534
13.31013
13.30406
13.27366
13.22741
13.16066
13.07654
12.97245
12.84681
12.70405
12.54296
12.36015
12.15948
11.94241
11.71060
11.46195
11.19880
10.91774
10.62057
10.30777
9.98036
9.64264
9.29470
8.93231
8.55243
8.15858
7.75605
7.34353
6.92440
6.49646
6.05962
5.60821
5.14751
4.67928
4.20870
3.73076
3.24876
2.76053
2.26542
1.76566
1.26704
0.76869
0.27102
-0.22576
-0.72488
-1.22450
-1.72029
-2.21287
-2.69875
-3.17626
-3.65000
-4.12230
-4.58768
-5.04622
-5.49160
-5.92764
-6.35215
-6.77283
-7.18475
-7.58534
-7.97317
-8.34605
-8.70572
-9.05608
-9.39511
-9.72348
-10.03753
-10.33460
-10.61484
-10.87742
-11.12535
-11.36339
-11.58624
-11.79094
-11.97610
-12.14222
-12.29110
-12.42587
-12.54657
-12.65133
-12.73648
-12.79742
-12.84143
-12.86770
-12.87955
-12.87650
-12.85710
-12.81799
-12.75795
-12.67817
-12.58467
-12.47617
-12.35438
-12.21657
-12.05773
-11.88307
-11.69072
-11.48501
-11.26754
-11.03557
-10.78589
-10.51834
-10.23408
-9.93446
-9.62376
-9.30043
-8.96744
-8.62276
-8.26371
-7.89275
-7.50646
-7.11165
-6.70632
-6.29506
-5.87237
-5.44092
-4.99940
-4.54919
-4.09355
-3.63175
-3.16416
-2.69050
-2.21468
-1.73355
-1.24987
-0.76629
-0.28299
0.20097
0.68454
1.16981
1.65124
2.13151
2.60793
3.08314
3.55599
4.02494
4.49086
4.94784
5.39914
5.84129
6.27867
6.70748
7.12819
7.53727
7.93965
8.33041
8.71177
9.08090
9.43627
9.78035
10.11219
10.43356
10.74068
11.03182
11.30805
11.56686
11.81058
12.03995
12.25336
12.44684
12.62354
12.78087
12.91930
13.03888
13.13908
13.22020
13.28251
13.32231
13.34160
13.34486
13.32668
13.29278
13.24093
13.17058
13.07544
12.95872
12.82840
12.68046
12.51787
12.33638
12.13225
11.90811
11.66532
11.40714
11.13228
10.84135
10.52913
10.20182
9.86161
9.50843
9.14516
8.77074
8.38410
7.98301
7.56806
7.14298
6.70651
6.25970
5.80293
5.33601
4.86197
4.38120
3.89450
3.40121
2.90447
2.39863
1.88918
1.37499
0.85600
0.33567
-0.18432
-0.70489
-1.22343
-1.74389
-2.25888
-2.77107
-3.27491
-3.77500
-4.26627
-4.75464
-5.23474
-5.70919
-6.17391
-6.62593
-7.06905
-7.49966
-7.92137
-8.32710
-8.72125
-9.10007
-9.46734
-9.81986
-10.15942
-10.48732
-10.79845
-11.09346
-11.37110
-11.63365
-11.87967
-12.11165
-12.32891
-12.52550
-12.70483
-12.86557
-13.00312
-13.12366
-13.22878
-13.31544
-13.38413
-13.43209
-13.45860
-13.46536
-13.45296
-13.41959
-13.36846
-13.29804
-13.20810
-13.09987
-12.97207
-12.82560
-12.65993
-12.47453
-12.27126
-12.05198
-11.81394
-11.55732
-11.28303
-10.99013
-10.68084
-10.35574
-10.01756
-9.66695
-9.30018
-8.91790
-8.52126
-8.11381
-7.69534
-7.26912
-6.83297
-6.38958
-5.93412
-5.46863
-4.99558
-4.51855
-4.03633
-3.54614
-3.05064
-2.55107
-2.05045
-1.54796
-1.04404
-0.53960
-0.03140
0.47726
0.98614
1.49368
1.99900
2.50465
3.00880
3.51238
4.01066
4.50077
4.98741
5.46135
5.93220
6.39619
6.85120
7.29463
7.72442
8.13920
8.54333
8.93393
9.31648
9.68638
10.03873
10.37453
10.69390
10.99829
11.28670
11.56028
11.81653
12.05575
12.27621
12.47668
12.65930
12.82555
12.97222
13.09977
13.20865
13.29460
13.36026
13.40642
13.43158
13.44031
13.42879
13.39809
13.34795
13.27968
13.19418
13.08862
12.96662
12.82550
12.66620
12.48977
12.29826
12.08833
11.86486
11.62421
11.36906
11.09997
10.81522
10.51540
10.20038
9.86756
9.52312
9.16463
8.79198
8.40856
8.01282
7.60602
7.18918
6.76002
6.32285
5.87751
5.42314
4.96044
4.49094
4.01204
3.53080
3.04555
2.55704
2.06444
1.56837
1.07127
0.57139
0.07464
-0.42075
-0.91518
-1.41074
-1.90018
-2.38676
-2.86884
-3.34387
-3.81347
-4.28078
-4.74246
-5.19692
-5.64178
-6.07777
-6.50489
-6.92472
-7.33566
-7.73766
-8.13110
-8.50976
-8.87667
-9.23317
-9.57737
-9.91076
-10.23019
-10.53653
-10.82839
-11.10417
-11.36535
-11.61113
-11.83708
-12.04568
-12.23598
-12.41182
-12.56875
-12.70782
-12.83026
-12.93354
-13.01809
-13.08399
-13.13170
-13.16235
-13.17539
-13.16928
-13.14244
-13.09765
-13.03405
-12.95283
-12.85607
-12.74119
-12.60722
-12.45328
-12.28299
-12.09810
-11.89548
-11.67480
-11.43631
-11.18077
-10.91152
-10.62725
-10.32758
-10.01311
-9.68267
-9.33970
-8.98057
-8.60782
-8.22296
-7.82513
-7.41662
-6.99716
-6.56649
-6.12640
-5.67920
-5.22381
-4.76142
-4.29624
-3.82331
-3.34540
-2.86331
-2.37992
-1.89378
-1.40584
-0.91605
-0.42114
0.07329
0.56787
1.06054
1.55220
2.04035
2.52706
3.00959
3.48342
3.95317
4.41889
4.87834
5.33583
5.78676
6.23201
6.66772
7.09349
7.50935
7.91612
8.31148
8.69786
9.06981
9.42778
9.76910
10.09511
10.40446
10.70064
10.98219
11.24925
11.50030
11.73306
11.95046
12.14972
12.33466
12.50185
12.65129
12.78344
12.89897
12.99592
13.07496
13.13354
13.17627
13.19809
13.20144
13.18576
13.14793
13.09425
13.01896
12.92694
12.81498
12.68617
12.53981
12.37640
12.19600
11.99992
11.78627
11.55573
11.30952
11.04948
10.77421
10.48555
10.18006
9.85881
9.52737
9.18230
8.82790
8.46071
8.08197
7.68862
7.28437
6.87009
6.44882
6.02184
5.58250
5.14024
4.68815
4.23064
3.76792
3.29978
2.82749
2.35193
1.86884
1.38556
0.89730
0.40692
-0.08368
-0.57385
-1.06390
-1.55440
-2.04422
-2.53166
-3.01328
-3.49201
-3.96423
-4.43433
-4.89931
-5.35722
-5.80675
-6.24780
-6.67884
-7.09906
-7.51083
-7.91346
-8.30606
-8.68647
-9.05348
-9.40552
-9.74236
-10.06589
-10.37818
-10.67335
-10.95164
-11.21292
-11.45659
-11.68487
-11.89898
-12.09559
-12.27756
-12.44273
-12.58927
-12.71626
-12.82589
-12.91734
-12.99007
-13.04534
-13.08203
-13.09927
-13.10056
-13.08119
-13.04260
-12.98688
-12.91480
-12.82308
-12.71467
-12.58927
-12.44391
-12.28296
-12.10591
-11.90912
-11.69692
-11.46476
-11.21678
-10.95146
-10.66945
-10.37213
-10.05553
-9.72602
-9.37719
-9.01614
-8.64250
-8.25629
-7.85810
-7.44566
-7.02463
-6.58932
-6.14851
-5.69668
-5.23849
-4.77387
-4.29905
-3.81573
-3.32719
-2.83683
-2.34420
-1.84882
-1.35190
-0.85088
-0.34750
0.15506
0.65413
1.15081
1.64949
2.14539
2.64083
3.13253
3.61864
4.09639
4.56689
5.03092
5.48712
5.93717
6.37812
6.81019
7.22765
7.63151
8.02795
8.41097
8.78400
9.14248
9.48943
9.82180
10.14308
10.45027
10.74316
11.02338
11.28873
11.54166
11.77729
11.99669
12.19974
12.38650
12.55855
12.71183
12.84890
12.96423
13.06154
13.13687
13.19556
13.23564
13.25918
13.26845
13.25849
13.22778
13.17979
13.11388
13.02891
12.92920
12.81209
12.67685
12.52098
12.34780
12.15170
11.93669
11.70384
11.45562
11.18804
10.90441
10.60025
10.27606
9.93778
9.58328
9.21845
8.83848
8.44637
8.04182
7.62253
7.19157
6.74999
6.29922
5.84060
5.37205
4.89627
4.41279
3.92143
3.42560
2.92721
2.42580
1.92426
1.41997
0.91693
0.41067
-0.08892
-0.58337
-1.07446
-1.56637
-2.05503
-2.54223
-3.02427
-3.50082
-3.97105
-4.43776
-4.90070
-5.35839
-5.81063
-6.25353
-6.68769
-7.11281
-7.52926
-7.93515
-8.33214
-8.71785
-9.09161
-9.45373
-9.79918
-10.12984
-10.44377
-10.74431
-11.03109
-11.29984
-11.55155
-11.78868
-12.01080
-12.21642
-12.40604
-12.57843
-12.73105
-12.86283
-12.97559
-13.07226
-13.15284
-13.21418
-13.26008
-13.28876
-13.29901
-13.28735
-13.25725
-13.21031
-13.14441
-13.06314
-12.96066
-12.83798
-12.69594
-12.53716
-12.36211
-12.17143
-11.96805
-11.74713
-11.51229
-11.26050
-10.99410
-10.71547
-10.42148
-10.11544
-9.79542
-9.46070
-9.11056
-8.74879
-8.37658
-7.99010
-7.59011
-7.18146
-6.76257
-6.33560
-5.90090
-5.45796
-5.00711
-4.54951
-4.08061
-3.60546
-3.12326
-2.63861
-2.15069
-1.65788
-1.15477
-0.64637
-0.13777
0.37091
0.87863
1.38377
1.88736
2.39206
2.89684
3.39500
3.88809
4.37427
4.85573
5.33028
5.79885
6.25648
6.70718
7.14830
7.57916
7.99808
8.40922
8.80855
9.19440
9.56681
9.92724
10.27396
10.60743
10.92741
11.23312
11.52126
11.79583
12.05580
12.30077
12.52791
12.73918
12.92943
13.10268
13.25722
13.39269
13.50741
13.60141
13.67377
13.72826
13.76058
13.77417
13.76856
13.74325
13.69875
13.63556
13.55406
13.45714
13.34318
13.21304
13.06207
12.89299
12.70416
12.49962
12.28033
12.04469
11.79095
11.51931
11.22982
10.92369
10.60212
10.26805
9.91995
9.55503
9.17452
8.77791
8.36993
7.94936
7.51800
7.07226
6.61447
6.14561
5.66897
5.18430
4.68884
4.18575
3.67287
3.15596
2.63186
2.10491
1.57965
1.05112
0.51742
-0.01796
-0.55453
-1.08890
-1.61926
-2.14809
-2.67464
-3.20193
-3.72460
-4.23850
-4.74020
-5.23396
-5.72040
-6.19766
-6.66881
-7.12800
-7.57526
-8.00782
-8.42832
-8.83710
-9.23440
-9.61689
-9.98503
-10.33660
-10.67186
-10.98941
-11.29111
-11.57533
-11.84431
-12.09374
-12.32243
-12.53310
-12.72506
-12.90279
-13.06567
-13.21197
-13.34014
-13.45090
-13.53870
-13.61071
-13.66702
-13.70669
-13.72976
-13.72835
-13.70542
-13.66480
-13.60899
-13.53499
-13.44363
-13.33615
-13.20487
-13.05287
-12.88454
-12.69996
-12.49851
-12.28289
-12.04820
-11.79487
-11.52073
-11.23125
-10.92561
-10.60728
-10.27501
-9.92861
-9.56415
-9.18213
-8.78582
-8.37732
-7.96143
-7.53659
-7.09993
-6.65031
-6.18759
-5.71580
-5.23574
-4.74824
-4.25437
-3.75271
-3.24350
-2.72443
-2.20174
-1.67931
-1.15384
-0.62672
-0.09210
0.44342
0.98072
1.51745
2.05074
2.58351
3.11491
3.64168
4.16585
4.68228
5.18918
5.68746
6.17840
6.66449
7.14134
7.60935
8.06598
8.51221
8.94269
9.36029
9.76655
10.16120
10.54169
10.90628
11.25753
11.58931
11.90357
12.20138
12.48414
12.75033
12.99499
13.21986
13.42344
13.61058
13.77752
13.92612
14.05409
14.15954
14.24434
14.30637
14.34554
14.36551
14.36642
14.34329
14.30176
14.23824
14.15115
14.04420
13.91736
13.77215
13.60632
13.42181
13.21670
12.99272
12.75465
12.49652
12.22358
11.93418
11.62836
11.30611
10.96809
10.61463
10.24597
9.86089
9.46130
9.04787
8.62662
8.19176
7.74439
7.28686
6.81283
6.32940
5.83664
5.33764
4.82925
4.31510
3.78993
3.26170
2.72815
2.19304
1.65497
1.11570
0.57739
0.03599
-0.50477
-1.04088
-1.57039
-2.09595
-2.61523
-3.13188
-3.64652
-4.15340
-4.65255
-5.14178
-5.62069
-6.09236
-6.55818
-7.01629
-7.46361
-7.89634
-8.31258
-8.71550
-9.10865
-9.48881
-9.85378
-10.20588
-10.54455
-10.86555
-11.17129
-11.46379
-11.73849
-11.99804
-12.23783
-12.46256
-12.67021
-12.86088
-13.03424
-13.19088
-13.32880
-13.44648
-13.54510
-13.62589
-13.68920
-13.73222
-13.75764
-13.76008
-13.74258
-13.70355
-13.64978
-13.58061
-13.49280
-13.38768
-13.26311
-13.11941
-12.95829
-12.78379
-12.58890
-12.37912
-12.15145
-11.91032
-11.64962
-11.37371
-11.07948
-10.76942
-10.44546
-10.10656
-9.74999
-9.37971
-8.99556
-8.59368
-8.18087
-7.75728
-7.32367
-6.87856
-6.42060
-5.95239
-5.47458
-4.98595
-4.49033
-3.98656
-3.47397
-2.95780
-2.43618
-1.90703
-1.37416
-0.83819
-0.29777
0.24237
0.78452
1.32720
1.87308
2.41389
2.95004
3.48065
4.00549
4.52645
5.04293
5.55175
6.05346
6.54476
7.02894
7.50378
7.96877
8.42522
8.86588
9.29527
9.70743
10.10521
10.48653
10.85193
11.20356
11.54015
11.85999
12.16451
12.44958
12.71922
12.96882
13.20239
13.41397
13.60493
13.77382
13.92145
14.04967
14.15602
14.24540
14.31204
14.35499
14.37598
14.37518
14.35643
14.31923
14.26348
14.18147
14.07881
13.95244
13.81115
13.64743
13.46776
13.26714
13.04594
12.80499
12.54317
12.26614
11.97426
11.66688
11.34583
11.00544
10.64927
10.27748
9.89489
9.50437
9.10307
8.68916
8.26120
7.82233
7.37423
6.91815
6.45577
5.98684
5.51358
5.03246
4.54193
4.04832
3.55283
3.05625
2.55399
2.04863
1.53655
1.02184
0.50265
-0.01428
-0.52937
-1.04091
-1.55380
-2.06760
-2.57991
-3.08980
-3.59320
-4.08999
-4.58209
-5.06705
-5.54799
-6.02299
-6.48925
-6.94412
-7.38775
-7.82097
-8.24149
-8.65133
-9.04872
-9.42864
-9.79285
-10.14276
-10.47792
-10.79789
-11.10293
-11.39086
-11.66020
-11.91093
-12.14263
-12.35924
-12.55743
-12.73733
-12.89641
-13.03440
-13.15363
-13.25554
-13.33745
-13.39922
-13.44195
-13.46770
-13.47063
-13.45523
-13.42097
-13.36775
-13.29648
-13.20689
-13.09843
-12.97086
-12.82569
-12.66636
-12.48835
-12.29501
-12.08477
-11.85771
-11.61300
-11.35146
-11.07969
-10.79229
-10.48902
-10.16849
-9.82814
-9.47482
-9.10596
-8.72627
-8.33429
-7.92814
-7.50968
-7.07648
-6.63294
-6.18062
-5.71959
-5.25175
-4.77501
-4.29172
-3.79916
-3.30157
-2.79973
-2.29438
-1.78654
-1.27193
-0.75348
-0.23099
0.28777
0.80680
1.32588
1.84713
2.36543
2.88506
3.39984
3.90927
4.40925
4.90271
5.39140
5.87485
6.35153
6.81514
7.27218
7.71858
8.15467
8.58041
8.99402
9.39550
9.78285
10.15183
10.50633
10.84561
11.17053
11.48140
11.77239
12.04469
12.29705
12.53223
12.74919
12.94902
13.13120
13.29036
13.42999
13.54820
13.64983
13.73326
13.79626
13.84178
13.86777
13.87294
13.85735
13.82321
13.76941
13.69971
13.61202
13.50424
13.37890
13.23173
13.07042
12.89227
12.69743
12.48396
12.25051
11.99852
11.73036
11.44328
11.14245
10.82442
10.49262
10.14538
9.78319
9.40765
9.02077
8.61901
8.20494
7.77948
7.34340
6.89936
6.44713
5.98465
37.37604
5.03606
4.55084
4.05847
3.56312
3.06271
2.55631
2.04945
1.53858
1.02859
0.51812
0.00524
-0.50599
-1.01618
-1.52398
-2.02775
-2.52858
-3.02213
-3.51069
-3.99407
-4.47479
-4.94806
-5.41432
-5.86855
-6.31218
-6.74284
-7.16692
-7.58395
-7.98968
-8.38547
-8.76804
-9.13597
-9.49107
-9.83501
-10.16500
-10.47988
-10.77809
-11.05940
-11.32599
-11.57601
-11.81160
-12.03152
-12.23405
-12.41886
-12.58654
-12.73568
-12.86935
-12.98354
-13.08232
-13.15983
-13.21729
-13.25677
-13.27434
-13.27449
-13.25520
-13.21996
-13.16220
-13.08702
-12.99069
-12.87376
-12.73873
-12.58397
-12.41329
-12.22751
-12.02095
-11.79554
-11.55511
-11.29848
-11.02733
-10.74377
-10.44418
-10.13007
-9.79962
-9.45584
-9.09844
-8.72751
-8.34276
-7.94708
-7.53686
-7.11483
-6.68087
-6.23691
-5.78276
-5.32288
-4.85545
-4.38224
-3.90017
-3.41279
-2.92244
-2.42588
-1.92955
-1.42941
-0.92742
-0.42218
0.08401
0.59219
1.09782
1.60360
2.10867
2.61006
