
0.00000
0.00000
-0.00003
-0.00021
-0.00079
-0.00212
-0.00445
-0.00779
-0.01202
-0.01673
-0.02154
-0.02629
-0.03106
-0.03598
-0.04119
-0.04663
-0.05219
-0.05786
-0.06340
-0.06885
-0.07421
-0.07964
-0.08503
-0.09044
-0.09565
-0.10069
-0.10558
-0.11043
-0.11507
-0.11962
-0.12399
-0.12816
-0.13219
-0.13605
-0.13975
-0.14323
-0.14644
-0.14941
-0.15226
-0.15499
-0.15753
-0.15991
-0.16187
-0.16347
-0.16498
-0.16633
-0.16753
-0.16851
-0.16927
-0.16962
-0.16972
-0.16971
-0.16952
-0.16914
-0.16854
-0.16767
-0.16646
-0.16496
-0.16329
-0.16144
-0.15938
-0.15710
-0.15452
-0.15168
-0.14855
-0.14522
-0.14178
-0.13811
-0.13422
-0.13004
-0.12566
-0.12102
-0.11617
-0.11125
-0.10608
-0.10072
-0.09515
-0.08935
-0.08332
-0.07718
-0.07095
-0.06460
-0.05811
-0.05154
-0.04484
-0.03814
-0.03137
-0.02462
-0.01784
-0.01106
-0.00428
0.00249
0.00928
0.01594
0.02268
0.02921
0.03580
0.04236
0.04885
0.05534
0.06173
0.06812
0.07441
0.08059
0.08673
0.09270
0.09860
0.10440
0.11008
0.11556
0.12090
0.12605
0.13097
0.13573
0.14024
0.14443
0.14839
0.15212
0.15556
0.15867
0.16155
0.16406
0.16641
0.16848
0.17029
0.17179
0.17303
0.17402
0.17469
0.17512
0.17537
0.17529
0.17499
0.17441
0.17360
0.17259
0.17134
0.16993
0.16824
0.16635
0.16428
0.16202
0.15953
0.15685
0.15404
0.15097
0.14769
0.14428
0.14062
0.13673
0.13266
0.12845
0.12401
0.11940
0.11466
0.10971
0.10467
0.09947
0.09408
0.08864
0.08298
0.07725
0.07141
0.06545
0.05946
0.05338
0.04726
0.04107
0.03484
0.02864
0.02240
0.01614
0.00986
0.00364
-0.00266
-0.00886
-0.01515
-0.02135
-0.02761
-0.03385
-0.04006
-0.04620
-0.05229
-0.05835
-0.06428
-0.07012
-0.07592
-0.08166
-0.08720
-0.09270
-0.09800
-0.10325
-0.10836
-0.11336
-0.11818
-0.12283
-0.12725
-0.13150
-0.13551
-0.13942
-0.14314
-0.14669
-0.15002
-0.15310
-0.15597
-0.15860
-0.16106
-0.16321
-0.16507
-0.16668
-0.16800
-0.16908
-0.16987
-0.17040
-0.17064
-0.17066
-0.17040
-0.16987
-0.16906
-0.16798
-0.16670
-0.16516
-0.16329
-0.16123
-0.15895
-0.15647
-0.15375
-0.15083
-0.14769
-0.14433
-0.14080
-0.13704
-0.13313
-0.12905
-0.12477
-0.12032
-0.11567
-0.11094
-0.10599
-0.10093
-0.09571
-0.09041
-0.08488
-0.07928
-0.07354
-0.06773
-0.06172
-0.05567
-0.04951
-0.04326
-0.03701
-0.03067
-0.02435
-0.01798
-0.01168
-0.00530
0.00106
0.00734
0.01367
0.01995
0.02612
0.03224
0.03832
0.04430
0.05021
0.05604
0.06173
0.06727
0.07274
0.07809
0.08330
0.08842
0.09333
0.09816
0.10284
0.10734
0.11166
0.11582
0.11983
0.12370
0.12737
0.13081
0.13409
0.13721
0.14009
0.14282
0.14533
0.14765
0.14975
0.15166
0.15333
0.15483
0.15607
0.15712
0.15797
0.15865
0.15909
0.15931
0.15930
0.15916
0.15874
0.15818
0.15738
0.15640
0.15531
0.15394
0.15241
0.15067
0.14878
0.14665
0.14432
0.14180
0.13907
0.13617
0.13306
0.12979
0.12630
0.12269
0.11893
0.11502
0.11097
0.10670
0.10234
0.09777
0.09307
0.08823
0.08329
0.07816
0.07293
0.06756
0.06209
0.05648
0.05083
0.04509
0.03925
0.03334
0.02739
0.02144
0.01548
0.00953
0.00347
-0.00257
-0.00867
-0.01473
-0.02083
-0.02687
-0.03291
-0.03896
-0.04490
-0.05085
-0.05670
-0.06253
-0.06830
-0.07400
-0.07959
-0.08510
-0.09049
-0.09583
-0.10103
-0.10610
-0.11107
-0.11593
-0.12067
-0.12523
-0.12961
-0.13392
-0.13800
-0.14188
-0.14562
-0.14914
-0.15242
-0.15547
-0.15828
-0.16089
-0.16324
-0.16531
-0.16712
-0.16871
-0.16999
-0.17107
-0.17191
-0.17248
-0.17279
-0.17283
-0.17269
-0.17224
-0.17153
-0.17066
-0.16944
-0.16803
-0.16636
-0.16438
-0.16220
-0.15975
-0.15699
-0.15400
-0.15082
-0.14729
-0.14366
-0.13987
-0.13582
-0.13161
-0.12721
-0.12264
-0.11786
-0.11291
-0.10782
-0.10253
-0.09706
-0.09142
-0.08563
-0.07974
-0.07374
-0.06761
-0.06134
-0.05497
-0.04845
-0.04190
-0.03527
-0.02854
-0.02172
-0.01481
-0.00789
-0.00100
0.00588
0.01273
0.01957
0.02631
0.03311
0.03978
0.04639
0.05293
0.05940
0.06578
0.07197
0.07812
0.08406
0.08988
0.09550
0.10104
0.10637
0.11155
0.11654
0.12132
0.12599
0.13042
0.13470
0.13880
0.14272
0.14639
0.14986
0.15313
0.15617
0.15900
0.16166
0.16398
0.16612
0.16802
0.16966
0.17108
0.17223
0.17308
0.17373
0.17411
0.17427
0.17411
0.17372
0.17305
0.17216
0.17099
0.16955
0.16789
0.16599
0.16375
0.16133
0.15863
0.15563
0.15241
0.14896
0.14525
0.14138
0.13725
0.13289
0.12836
0.12358
0.11865
0.11355
0.10832
0.10294
0.09741
0.09181
0.08607
0.08017
0.07420
0.06815
0.06197
0.05568
0.04934
0.04295
0.03652
0.03009
0.02359
0.01707
0.01051
0.00389
-0.00273
-0.00936
-0.01601
-0.02268
-0.02934
-0.03597
-0.04258
-0.04913
-0.05571
-0.06212
-0.06848
-0.07473
-0.08080
-0.08682
-0.09269
-0.09839
-0.10394
-0.10923
-0.11442
-0.11946
-0.12423
-0.12887
-0.13333
-0.13758
-0.14158
-0.14538
-0.14896
-0.15235
-0.15552
-0.15839
-0.16109
-0.16359
-0.16575
-0.16762
-0.16925
-0.17060
-0.17174
-0.17258
-0.17312
-0.17343
-0.17348
-0.17327
-0.17284
-0.17218
-0.17131
-0.17013
-0.16876
-0.16714
-0.16529
-0.16325
-0.16103
-0.15861
-0.15598
-0.15315
-0.15015
-0.14701
-0.14361
-0.14008
-0.13630
-0.13231
-0.12822
-0.12386
-0.11933
-0.11467
-0.10986
-0.10489
-0.09978
-0.09451
-0.08909
-0.08355
-0.07789
-0.07215
-0.06629
-0.06028
-0.05422
-0.04810
-0.04194
-0.03572
-0.02947
-0.02319
-0.01685
-0.01059
-0.00430
0.00197
0.00826
0.01441
0.02057
0.02668
0.03272
0.03871
0.04461
0.05048
0.05622
0.06192
0.06754
0.07306
0.07850
0.08378
0.08902
0.09416
0.09916
0.10402
0.10885
0.11347
0.11797
0.12228
0.12649
0.13050
0.13437
0.13804
0.14154
0.14473
0.14777
0.15054
0.15314
0.15551
0.15766
0.15959
0.16123
0.16265
0.16388
0.16493
0.16571
0.16626
0.16656
0.16661
0.16648
0.16611
0.16547
0.16463
0.16359
0.16231
0.16080
0.15905
0.15712
0.15491
0.15247
0.14986
0.14698
0.14391
0.14064
0.13714
0.13348
0.12958
0.12552
0.12116
0.11671
0.11210
0.10729
0.10230
0.09715
0.09186
0.08645
0.08092
0.07531
0.06961
0.06387
0.05804
0.05210
0.04612
0.04013
0.03408
0.02797
0.02184
0.01561
0.00938
0.00318
-0.00305
-0.00931
-0.01544
-0.02160
-0.02774
-0.03378
-0.03983
-0.04582
-0.05173
-0.05767
-0.06353
-0.06935
-0.07509
-0.08071
-0.08627
-0.09173
-0.09704
-0.10219
-0.10714
-0.11196
-0.11655
-0.12101
-0.12528
-0.12933
-0.13317
-0.13682
-0.14032
-0.14360
-0.14672
-0.14962
-0.15232
-0.15487
-0.15715
-0.15926
-0.16117
-0.16284
-0.16433
-0.16552
-0.16655
-0.16724
-0.16773
-0.16800
-0.16795
-0.16768
-0.16717
-0.16644
-0.16539
-0.16415
-0.16273
-0.16104
-0.15917
-0.15704
-0.15471
-0.15216
-0.14945
-0.14655
-0.14346
-0.14015
-0.13667
-0.13305
-0.12933
-0.12536
-0.12129
-0.11701
-0.11261
-0.10803
-0.10327
-0.09838
-0.09340
-0.08833
-0.08311
-0.07788
-0.07245
-0.06697
-0.06141
-0.05579
-0.05005
-0.04426
-0.03831
-0.03237
-0.02636
-0.02026
-0.01411
-0.00792
-0.00170
0.00447
0.01069
0.01690
0.02309
0.02928
0.03543
0.04154
0.04758
0.05354
0.05942
0.06524
0.07093
0.07655
0.08209
0.08749
0.09277
0.09794
0.10291
0.10780
0.11246
0.11694
0.12125
0.12532
0.12922
0.13294
0.13648
0.13979
0.14293
0.14581
0.14854
0.15109
0.15338
0.15547
0.15735
0.15899
0.16044
0.16160
0.16256
0.16326
0.16379
0.16407
0.16411
0.16393
0.16360
0.16300
0.16218
0.16118
0.15993
0.15850
0.15682
0.15492
0.15281
0.15040
0.14780
0.14492
0.14182
0.13851
0.13490
0.13114
0.12704
0.12281
0.11835
0.11372
0.10889
0.10388
0.09872
0.09341
0.08795
0.08234
0.07661
0.07081
0.06490
0.05888
0.05275
0.04658
0.04034
0.03407
0.02775
0.02139
0.01499
0.00859
0.00217
-0.00419
-0.01062
-0.01702
-0.02338
-0.02974
-0.03603
-0.04225
-0.04842
-0.05452
-0.06045
-0.06631
-0.07206
-0.07771
-0.08319
-0.08851
-0.09375
-0.09879
-0.10372
-0.10844
-0.11311
-0.11756
-0.12195
-0.12614
-0.13019
-0.13405
-0.13773
-0.14134
-0.14472
-0.14796
-0.15099
-0.15382
-0.15644
-0.15881
-0.16099
-0.16295
-0.16468
-0.16616
-0.16739
-0.16836
-0.16913
-0.16970
-0.17009
-0.17024
-0.17023
-0.16999
-0.16946
-0.16878
-0.16781
-0.16661
-0.16516
-0.16348
-0.16148
-0.15924
-0.15675
-0.15397
-0.15088
-0.14754
-0.14396
-0.14009
-0.13602
-0.13171
-0.12728
-0.12254
-0.11766
-0.11262
-0.10741
-0.10206
-0.09649
-0.09075
-0.08488
-0.07889
-0.07277
-0.06660
-0.06029
-0.05392
-0.04747
-0.04099
-0.03457
-0.02810
-0.02174
-0.01531
-0.00895
-0.00262
0.00365
0.00993
0.01610
0.02226
0.02838
0.03449
0.04055
0.04656
0.05255
0.05846
0.06435
0.07011
0.07583
0.08145
0.08703
0.09248
0.09776
0.10294
0.10795
0.11289
0.11756
0.12208
0.12638
0.13046
0.13446
0.13822
0.14175
0.14513
0.14830
0.15126
0.15405
0.15658
0.15887
0.16096
0.16282
0.16445
0.16590
0.16707
0.16807
0.16882
0.16937
0.16967
0.16974
0.16959
0.16917
0.16852
0.16762
0.16644
0.16506
0.16345
0.16164
0.15965
0.15749
0.15510
0.15260
0.14988
0.14694
0.14388
0.14058
0.13719
0.13359
0.12979
0.12579
0.12165
0.11736
0.11283
0.10815
0.10339
0.09840
0.09335
0.08813
0.08279
0.07731
0.07177
0.06607
0.06030
0.05436
0.04830
0.04211
0.03585
0.02949
0.02307
0.01656
0.00999
0.00336
-0.00330
-0.00995
-0.01659
-0.02326
-0.02987
-0.03646
-0.04304
-0.04955
-0.05593
-0.06228
-0.06848
-0.07466
-0.08073
-0.08669
-0.09250
-0.09826
-0.10386
-0.10931
-0.11463
-0.11985
-0.12487
-0.12972
-0.13442
-0.13900
-0.14339
-0.14757
-0.15159
-0.15546
-0.15908
-0.16254
-0.16572
-0.16866
-0.17140
-0.17386
-0.17604
-0.17796
-0.17960
-0.18099
-0.18207
-0.18291
-0.18349
-0.18376
-0.18385
-0.18367
-0.18332
-0.18273
-0.18188
-0.18084
-0.17956
-0.17808
-0.17633
-0.17439
-0.17220
-0.16975
-0.16707
-0.16414
-0.16105
-0.15770
-0.15413
-0.15031
-0.14625
-0.14198
-0.13748
-0.13274
-0.12781
-0.12265
-0.11734
-0.11178
-0.10598
-0.10001
-0.09389
-0.08767
-0.08121
-0.07466
-0.06792
-0.06113
-0.05420
-0.04716
-0.04014
-0.03301
-0.02583
-0.01864
-0.01133
-0.00403
0.00325
0.01060
0.01787
0.02518
0.03243
0.03958
0.04662
0.05360
0.06043
0.06714
0.07374
0.08020
0.08655
0.09269
0.09870
0.10457
0.11021
0.11570
0.12100
0.12608
0.13091
0.13560
0.13999
0.14415
0.14810
0.15177
0.15523
0.15848
0.16147
0.16428
0.16690
0.16927
0.17146
0.17347
0.17518
0.17672
0.17801
0.17908
0.17999
0.18054
0.18093
0.18103
0.18096
0.18058
0.17995
0.17919
0.17811
0.17679
0.17530
0.17347
0.17142
0.16916
0.16662
0.16388
0.16088
0.15768
0.15421
0.15047
0.14652
0.14239
0.13801
0.13344
0.12867
0.12371
0.11857
0.11326
0.10779
0.10212
0.09632
0.09037
0.08422
0.07798
0.07153
0.06501
0.05833
0.05151
0.04466
0.03771
0.03066
0.02360
0.01630
0.00905
0.00175
-0.00561
-0.01296
-0.02039
-0.02777
-0.03511
-0.04244
-0.04966
-0.05684
-0.06392
-0.07094
-0.07788
-0.08471
-0.09141
-0.09802
-0.10449
-0.11081
-0.11699
-0.12304
-0.12893
-0.13458
-0.14006
-0.14539
-0.15050
-0.15533
-0.16000
-0.16444
-0.16863
-0.17251
-0.17617
-0.17956
-0.18274
-0.18561
-0.18824
-0.19053
-0.19253
-0.19427
-0.19569
-0.19680
-0.19763
-0.19821
-0.19839
-0.19828
-0.19786
-0.19718
-0.19622
-0.19502
-0.19348
-0.19162
-0.18955
-0.18718
-0.18457
-0.18180
-0.17875
-0.17545
-0.17197
-0.16817
-0.16418
-0.15998
-0.15558
-0.15095
-0.14609
-0.14105
-0.13573
-0.13029
-0.12461
-0.11877
-0.11282
-0.10664
-0.10022
-0.09372
-0.08706
-0.08019
-0.07329
-0.06620
-0.05905
-0.05178
-0.04449
-0.03714
-0.02980
-0.02246
-0.01509
-0.00772
-0.00042
0.00682
0.01403
0.02112
0.02815
0.03518
0.04207
0.04894
0.05569
0.06229
0.06880
0.07523
0.08152
0.08769
0.09367
0.09946
0.10509
0.11058
0.11586
0.12091
0.12583
0.13063
0.13516
0.13949
0.14369
0.14763
0.15140
0.15492
0.15827
0.16140
0.16429
0.16698
0.16944
0.17168
0.17370
0.17548
0.17707
0.17835
0.17933
0.18011
0.18062
0.18091
0.18093
0.18076
0.18031
0.17962
0.17875
0.17763
0.17629
0.17472
0.17304
0.17102
0.16882
0.16640
0.16374
0.16085
0.15778
0.15442
0.15083
0.14707
0.14306
0.13874
0.13425
0.12955
0.12461
0.11956
0.11424
0.10876
0.10309
0.09727
0.09126
0.08507
0.07873
0.07229
0.06565
0.05885
0.05200
0.04499
0.03785
0.03069
0.02344
0.01602
0.00856
0.00104
-0.00648
-0.01403
-0.02152
-0.02903
-0.03647
-0.04386
-0.05126
-0.05852
-0.06573
-0.07288
-0.07988
-0.08686
-0.09370
-0.10042
-0.10703
-0.11338
-0.11959
-0.12563
-0.13145
-0.13711
-0.14247
-0.14771
-0.15268
-0.15749
-0.16209
-0.16647
-0.17061
-0.17446
-0.17811
-0.18142
-0.18448
-0.18724
-0.18965
-0.19182
-0.19365
-0.19522
-0.19647
-0.19744
-0.19811
-0.19847
-0.19850
-0.19829
-0.19782
-0.19695
-0.19588
-0.19446
-0.19280
-0.19079
-0.18858
-0.18606
-0.18326
-0.18024
-0.17691
-0.17340
-0.16959
-0.16556
-0.16136
-0.15694
-0.15237
-0.14760
-0.14266
-0.13753
-0.13226
-0.12685
-0.12133
-0.11572
-0.10997
-0.10409
-0.09808
-0.09202
-0.08591
-0.07974
-0.07350
-0.06720
-0.06084
-0.05441
-0.04792
-0.04136
-0.03474
-0.02808
-0.02139
-0.01465
-0.00786
-0.00109
0.00573
0.01250
0.01929
0.02601
0.03272
0.03945
0.04612
0.05272
0.05921
0.06566
0.07197
0.07824
0.08439
0.09041
0.09623
0.10190
0.10743
0.11270
0.11779
0.12274
0.12747
0.13193
0.13622
0.14031
0.14413
0.14780
0.15117
0.15431
0.15718
0.15984
0.16217
0.16432
0.16622
0.16784
0.16920
0.17027
0.17110
0.17173
0.17201
0.17211
0.17194
0.17150
0.17083
0.16992
0.16883
0.16750
0.16591
0.16417
0.16213
0.15993
0.15751
0.15490
0.15212
0.14908
0.14591
0.14246
0.13887
0.13501
0.13096
0.12671
0.12218
0.11749
0.11265
0.10756
0.10235
0.09688
0.09130
0.08558
0.07974
0.07380
0.06770
0.06153
0.05521
0.04878
0.04232
0.03575
0.02916
0.02252
0.01574
0.00893
0.00212
-0.00474
-0.01162
-0.01853
-0.02542
-0.03234
-0.03919
-0.04605
-0.05280
-0.05950
-0.06610
-0.07261
-0.07906
-0.08537
-0.09164
-0.09780
-0.10376
-0.10964
-0.11531
-0.12086
-0.12627
-0.13144
-0.13639
-0.14117
-0.14569
-0.15002
-0.15405
-0.15791
-0.16153
-0.16490
-0.16798
-0.17077
-0.17335
-0.17563
-0.17772
-0.17953
-0.18106
-0.18236
-0.18334
-0.18412
-0.18467
-0.18497
-0.18500
-0.18477
-0.18426
-0.18351
-0.18263
-0.18144
-0.18008
-0.17847
-0.17669
-0.17459
-0.17230
-0.16976
-0.16693
-0.16388
-0.16060
-0.15709
-0.15339
-0.14943
-0.14527
-0.14092
-0.13639
-0.13161
-0.12672
-0.12161
-0.11634
-0.11091
-0.10535
-0.09964
-0.09382
-0.08784
-0.65596
-0.07563
-0.06936
-0.06299
-0.05658
-0.05007
-0.04350
-0.03691
-0.03031
-0.02363
-0.01699
-0.01027
-0.00360
0.00303
0.00961
0.01616
0.02267
0.02916
0.03561
0.04195
0.04823
0.05433
0.06041
0.06633
0.07219
0.07788
0.08348
0.08898
0.09424
0.09940
0.10446
0.10934
0.11411
0.11866
0.12306
0.12731
0.13129
0.13508
0.13873
0.14216
0.14537
0.14838
0.15118
0.15378
0.15618
0.15840
0.16044
0.16210
0.16363
0.16488
0.16588
0.16670
0.16723
0.16750
0.16750
0.16730
0.16672
0.16600
0.16500
0.16377
0.16228
0.16051
0.15852
0.15632
0.15382
0.15116
0.14829
0.14520
0.14192
0.13843
0.13475
0.13092
0.12689
0.12267
0.11827
0.11368
0.10889
0.10396
0.09880
0.09351
0.08802
0.08244
0.07667
0.07082
0.06485
0.05885
0.05268
0.04653
0.04034
0.03399
0.02764
0.02128
0.01489
0.00841
0.00192
-0.00465
-0.01115
-0.01769
-0.02419
-0.03065
