Time (fs)	,	Dipole 10A	,	Dipole 3A	,	3A-10A
0.00	,	6.65E+01	,	1.62E+01	,	-5.03E+01
0.20	,	6.66E+01	,	1.63E+01	,	-5.03E+01
0.40	,	6.72E+01	,	1.69E+01	,	-5.03E+01
0.60	,	6.84E+01	,	1.81E+01	,	-5.03E+01
0.80	,	6.98E+01	,	1.95E+01	,	-5.03E+01
1.00	,	7.11E+01	,	2.08E+01	,	-5.03E+01
1.20	,	7.20E+01	,	2.18E+01	,	-5.02E+01
1.40	,	7.24E+01	,	2.26E+01	,	-4.99E+01
1.60	,	7.28E+01	,	2.34E+01	,	-4.94E+01
1.80	,	7.32E+01	,	2.46E+01	,	-4.87E+01
2.00	,	7.40E+01	,	2.60E+01	,	-4.80E+01
2.20	,	7.49E+01	,	2.75E+01	,	-4.75E+01
2.40	,	7.60E+01	,	2.88E+01	,	-4.72E+01
2.60	,	7.70E+01	,	2.98E+01	,	-4.71E+01
2.80	,	7.78E+01	,	3.08E+01	,	-4.70E+01
3.00	,	7.84E+01	,	3.18E+01	,	-4.66E+01
3.20	,	7.89E+01	,	3.30E+01	,	-4.59E+01
3.40	,	7.93E+01	,	3.43E+01	,	-4.50E+01
3.60	,	7.98E+01	,	3.56E+01	,	-4.42E+01
3.80	,	8.04E+01	,	3.68E+01	,	-4.36E+01
4.00	,	8.12E+01	,	3.78E+01	,	-4.34E+01
4.20	,	8.20E+01	,	3.87E+01	,	-4.33E+01
4.40	,	8.28E+01	,	3.96E+01	,	-4.32E+01
4.60	,	8.34E+01	,	4.06E+01	,	-4.27E+01
4.80	,	8.38E+01	,	4.18E+01	,	-4.20E+01
5.00	,	8.40E+01	,	4.28E+01	,	-4.12E+01
5.20	,	8.43E+01	,	4.37E+01	,	-4.05E+01
5.40	,	8.46E+01	,	4.45E+01	,	-4.01E+01
5.60	,	8.51E+01	,	4.52E+01	,	-4.00E+01
5.80	,	8.58E+01	,	4.59E+01	,	-3.99E+01
6.00	,	8.64E+01	,	4.67E+01	,	-3.97E+01
6.20	,	8.69E+01	,	4.75E+01	,	-3.94E+01
6.40	,	8.70E+01	,	4.82E+01	,	-3.88E+01
6.60	,	8.70E+01	,	4.88E+01	,	-3.82E+01
6.80	,	8.71E+01	,	4.93E+01	,	-3.78E+01
7.00	,	8.72E+01	,	4.97E+01	,	-3.75E+01
7.20	,	8.75E+01	,	5.02E+01	,	-3.74E+01
7.40	,	8.79E+01	,	5.06E+01	,	-3.73E+01
7.60	,	8.83E+01	,	5.11E+01	,	-3.72E+01
7.80	,	8.84E+01	,	5.14E+01	,	-3.70E+01
8.00	,	8.84E+01	,	5.17E+01	,	-3.67E+01
8.20	,	8.82E+01	,	5.19E+01	,	-3.64E+01
8.40	,	8.81E+01	,	5.20E+01	,	-3.60E+01
8.60	,	8.80E+01	,	5.21E+01	,	-3.58E+01
8.80	,	8.80E+01	,	5.22E+01	,	-3.58E+01
9.00	,	8.81E+01	,	5.23E+01	,	-3.58E+01
9.20	,	8.81E+01	,	5.23E+01	,	-3.58E+01
9.40	,	8.81E+01	,	5.22E+01	,	-3.58E+01
9.60	,	8.78E+01	,	5.21E+01	,	-3.58E+01
9.80	,	8.75E+01	,	5.19E+01	,	-3.56E+01
10.00	,	8.71E+01	,	5.16E+01	,	-3.55E+01
10.20	,	8.68E+01	,	5.14E+01	,	-3.54E+01
10.40	,	8.65E+01	,	5.11E+01	,	-3.54E+01
10.60	,	8.63E+01	,	5.08E+01	,	-3.55E+01
10.80	,	8.61E+01	,	5.03E+01	,	-3.57E+01
11.00	,	8.58E+01	,	4.99E+01	,	-3.60E+01
11.20	,	8.54E+01	,	4.93E+01	,	-3.61E+01
11.40	,	8.48E+01	,	4.87E+01	,	-3.61E+01
11.60	,	8.42E+01	,	4.82E+01	,	-3.61E+01
11.80	,	8.37E+01	,	4.75E+01	,	-3.61E+01
12.00	,	8.32E+01	,	4.69E+01	,	-3.63E+01
12.20	,	8.27E+01	,	4.61E+01	,	-3.66E+01
12.40	,	8.23E+01	,	4.53E+01	,	-3.70E+01
12.60	,	8.18E+01	,	4.44E+01	,	-3.74E+01
12.80	,	8.12E+01	,	4.36E+01	,	-3.77E+01
13.00	,	8.05E+01	,	4.27E+01	,	-3.78E+01
13.20	,	7.98E+01	,	4.18E+01	,	-3.80E+01
13.40	,	7.90E+01	,	4.08E+01	,	-3.83E+01
13.60	,	7.84E+01	,	3.97E+01	,	-3.86E+01
13.80	,	7.77E+01	,	3.87E+01	,	-3.91E+01
14.00	,	7.71E+01	,	3.75E+01	,	-3.96E+01
14.20	,	7.65E+01	,	3.64E+01	,	-4.01E+01
14.40	,	7.57E+01	,	3.52E+01	,	-4.05E+01
14.60	,	7.49E+01	,	3.41E+01	,	-4.08E+01
14.80	,	7.41E+01	,	3.29E+01	,	-4.12E+01
15.00	,	7.32E+01	,	3.16E+01	,	-4.16E+01
15.20	,	7.24E+01	,	3.03E+01	,	-4.21E+01
15.40	,	7.17E+01	,	2.90E+01	,	-4.27E+01
15.60	,	7.10E+01	,	2.76E+01	,	-4.33E+01
15.80	,	7.02E+01	,	2.63E+01	,	-4.39E+01
16.00	,	6.95E+01	,	2.50E+01	,	-4.45E+01
16.20	,	6.86E+01	,	2.36E+01	,	-4.50E+01
16.40	,	6.77E+01	,	2.22E+01	,	-4.55E+01
16.60	,	6.68E+01	,	2.08E+01	,	-4.60E+01
16.80	,	6.60E+01	,	1.93E+01	,	-4.66E+01
17.00	,	6.52E+01	,	1.79E+01	,	-4.72E+01
17.20	,	6.44E+01	,	1.66E+01	,	-4.79E+01
17.40	,	6.37E+01	,	1.52E+01	,	-4.85E+01
17.60	,	6.29E+01	,	1.38E+01	,	-4.91E+01
17.80	,	6.21E+01	,	1.24E+01	,	-4.97E+01
18.00	,	6.12E+01	,	1.10E+01	,	-5.02E+01
18.20	,	6.04E+01	,	9.57E+00	,	-5.08E+01
18.40	,	5.96E+01	,	8.20E+00	,	-5.14E+01
18.60	,	5.88E+01	,	6.88E+00	,	-5.19E+01
18.80	,	5.81E+01	,	5.57E+00	,	-5.26E+01
19.00	,	5.74E+01	,	4.25E+00	,	-5.32E+01
19.20	,	5.67E+01	,	2.93E+00	,	-5.38E+01
19.40	,	5.60E+01	,	1.62E+00	,	-5.43E+01
19.60	,	5.52E+01	,	3.30E-01	,	-5.49E+01
19.80	,	5.45E+01	,	-9.20E-01	,	-5.54E+01
20.00	,	5.38E+01	,	-2.13E+00	,	-5.59E+01
20.20	,	5.31E+01	,	-3.32E+00	,	-5.64E+01
20.40	,	5.25E+01	,	-4.50E+00	,	-5.70E+01
20.60	,	5.19E+01	,	-5.67E+00	,	-5.76E+01
20.80	,	5.14E+01	,	-6.82E+00	,	-5.82E+01
21.00	,	5.08E+01	,	-7.94E+00	,	-5.87E+01
21.20	,	5.02E+01	,	-9.00E+00	,	-5.92E+01
21.40	,	4.97E+01	,	-1.00E+01	,	-5.97E+01
21.60	,	4.91E+01	,	-1.10E+01	,	-6.01E+01
21.80	,	4.86E+01	,	-1.19E+01	,	-6.06E+01
22.00	,	4.82E+01	,	-1.29E+01	,	-6.11E+01
22.20	,	4.78E+01	,	-1.38E+01	,	-6.16E+01
22.40	,	4.74E+01	,	-1.46E+01	,	-6.21E+01
22.60	,	4.71E+01	,	-1.54E+01	,	-6.25E+01
22.80	,	4.67E+01	,	-1.61E+01	,	-6.28E+01
23.00	,	4.64E+01	,	-1.67E+01	,	-6.31E+01
23.20	,	4.60E+01	,	-1.74E+01	,	-6.34E+01
23.40	,	4.58E+01	,	-1.80E+01	,	-6.37E+01
23.60	,	4.55E+01	,	-1.85E+01	,	-6.40E+01
23.80	,	4.54E+01	,	-1.90E+01	,	-6.43E+01
24.00	,	4.52E+01	,	-1.94E+01	,	-6.46E+01
24.20	,	4.51E+01	,	-1.97E+01	,	-6.48E+01
24.40	,	4.50E+01	,	-2.00E+01	,	-6.50E+01
24.60	,	4.49E+01	,	-2.02E+01	,	-6.51E+01
24.80	,	4.48E+01	,	-2.04E+01	,	-6.52E+01
25.00	,	4.47E+01	,	-2.06E+01	,	-6.53E+01
25.20	,	4.48E+01	,	-2.07E+01	,	-6.54E+01
25.40	,	4.49E+01	,	-2.07E+01	,	-6.55E+01
25.60	,	4.50E+01	,	-2.07E+01	,	-6.56E+01
25.80	,	4.51E+01	,	-2.06E+01	,	-6.56E+01
26.00	,	4.52E+01	,	-2.04E+01	,	-6.56E+01
26.20	,	4.53E+01	,	-2.02E+01	,	-6.56E+01
26.40	,	4.55E+01	,	-2.00E+01	,	-6.55E+01
26.60	,	4.57E+01	,	-1.97E+01	,	-6.54E+01
26.80	,	4.59E+01	,	-1.94E+01	,	-6.54E+01
27.00	,	4.63E+01	,	-1.90E+01	,	-6.53E+01
27.20	,	4.66E+01	,	-1.86E+01	,	-6.52E+01
27.40	,	4.69E+01	,	-1.81E+01	,	-6.50E+01
27.60	,	4.73E+01	,	-1.76E+01	,	-6.49E+01
27.80	,	4.77E+01	,	-1.70E+01	,	-6.47E+01
28.00	,	4.81E+01	,	-1.64E+01	,	-6.45E+01
28.20	,	4.85E+01	,	-1.58E+01	,	-6.43E+01
28.40	,	4.90E+01	,	-1.50E+01	,	-6.40E+01
28.60	,	4.95E+01	,	-1.43E+01	,	-6.38E+01
28.80	,	5.01E+01	,	-1.35E+01	,	-6.36E+01
29.00	,	5.06E+01	,	-1.27E+01	,	-6.33E+01
29.20	,	5.12E+01	,	-1.19E+01	,	-6.31E+01
29.40	,	5.17E+01	,	-1.10E+01	,	-6.27E+01
29.60	,	5.23E+01	,	-1.00E+01	,	-6.24E+01
29.80	,	5.29E+01	,	-9.05E+00	,	-6.20E+01
30.00	,	5.36E+01	,	-8.03E+00	,	-6.16E+01
30.20	,	5.43E+01	,	-7.00E+00	,	-6.13E+01
30.40	,	5.50E+01	,	-5.94E+00	,	-6.09E+01
30.60	,	5.57E+01	,	-4.84E+00	,	-6.05E+01
30.80	,	5.64E+01	,	-3.70E+00	,	-6.01E+01
31.00	,	5.71E+01	,	-2.52E+00	,	-5.97E+01
31.20	,	5.79E+01	,	-1.31E+00	,	-5.92E+01
31.40	,	5.86E+01	,	-8.40E-02	,	-5.87E+01
31.60	,	5.94E+01	,	1.15E+00	,	-5.82E+01
31.80	,	6.01E+01	,	2.39E+00	,	-5.78E+01
32.00	,	6.10E+01	,	3.66E+00	,	-5.73E+01
32.20	,	6.18E+01	,	4.97E+00	,	-5.68E+01
32.40	,	6.26E+01	,	6.31E+00	,	-5.63E+01
32.60	,	6.34E+01	,	7.66E+00	,	-5.57E+01
32.80	,	6.42E+01	,	9.00E+00	,	-5.52E+01
33.00	,	6.50E+01	,	1.03E+01	,	-5.46E+01
33.20	,	6.58E+01	,	1.17E+01	,	-5.41E+01
33.40	,	6.66E+01	,	1.30E+01	,	-5.36E+01
33.60	,	6.74E+01	,	1.44E+01	,	-5.30E+01
33.80	,	6.83E+01	,	1.58E+01	,	-5.25E+01
34.00	,	6.91E+01	,	1.71E+01	,	-5.20E+01
34.20	,	6.99E+01	,	1.85E+01	,	-5.14E+01
34.40	,	7.07E+01	,	1.98E+01	,	-5.09E+01
34.60	,	7.15E+01	,	2.12E+01	,	-5.03E+01
34.80	,	7.23E+01	,	2.25E+01	,	-4.98E+01
35.00	,	7.30E+01	,	2.38E+01	,	-4.92E+01
35.20	,	7.38E+01	,	2.52E+01	,	-4.87E+01
35.40	,	7.46E+01	,	2.65E+01	,	-4.82E+01
35.60	,	7.54E+01	,	2.78E+01	,	-4.76E+01
35.80	,	7.61E+01	,	2.90E+01	,	-4.71E+01
36.00	,	7.69E+01	,	3.03E+01	,	-4.66E+01
36.20	,	7.75E+01	,	3.15E+01	,	-4.60E+01
36.40	,	7.82E+01	,	3.28E+01	,	-4.54E+01
36.60	,	7.89E+01	,	3.40E+01	,	-4.49E+01
36.80	,	7.96E+01	,	3.52E+01	,	-4.44E+01
37.00	,	8.02E+01	,	3.63E+01	,	-4.39E+01
37.20	,	8.09E+01	,	3.74E+01	,	-4.35E+01
37.40	,	8.15E+01	,	3.85E+01	,	-4.30E+01
37.60	,	8.21E+01	,	3.96E+01	,	-4.25E+01
37.80	,	8.26E+01	,	4.07E+01	,	-4.20E+01
38.00	,	8.31E+01	,	4.17E+01	,	-4.15E+01
38.20	,	8.36E+01	,	4.26E+01	,	-4.10E+01
38.40	,	8.41E+01	,	4.36E+01	,	-4.06E+01
38.60	,	8.46E+01	,	4.44E+01	,	-4.02E+01
38.80	,	8.51E+01	,	4.53E+01	,	-3.98E+01
39.00	,	8.55E+01	,	4.61E+01	,	-3.94E+01
39.20	,	8.59E+01	,	4.69E+01	,	-3.90E+01
39.40	,	8.62E+01	,	4.76E+01	,	-3.86E+01
39.60	,	8.65E+01	,	4.83E+01	,	-3.83E+01
39.80	,	8.68E+01	,	4.89E+01	,	-3.79E+01
40.00	,	8.71E+01	,	4.95E+01	,	-3.76E+01
40.20	,	8.74E+01	,	5.00E+01	,	-3.74E+01
40.40	,	8.76E+01	,	5.05E+01	,	-3.71E+01
40.60	,	8.78E+01	,	5.10E+01	,	-3.69E+01
40.80	,	8.80E+01	,	5.14E+01	,	-3.66E+01
41.00	,	8.81E+01	,	5.17E+01	,	-3.64E+01
41.20	,	8.81E+01	,	5.20E+01	,	-3.61E+01
41.40	,	8.82E+01	,	5.22E+01	,	-3.60E+01
41.60	,	8.82E+01	,	5.24E+01	,	-3.58E+01
41.80	,	8.82E+01	,	5.25E+01	,	-3.57E+01
42.00	,	8.82E+01	,	5.26E+01	,	-3.57E+01
42.20	,	8.82E+01	,	5.26E+01	,	-3.56E+01
42.40	,	8.81E+01	,	5.26E+01	,	-3.55E+01
42.60	,	8.80E+01	,	5.25E+01	,	-3.55E+01
42.80	,	8.78E+01	,	5.23E+01	,	-3.54E+01
43.00	,	8.76E+01	,	5.21E+01	,	-3.54E+01
43.20	,	8.74E+01	,	5.19E+01	,	-3.55E+01
43.40	,	8.71E+01	,	5.16E+01	,	-3.56E+01
43.60	,	8.69E+01	,	5.12E+01	,	-3.57E+01
43.80	,	8.66E+01	,	5.08E+01	,	-3.58E+01
44.00	,	8.63E+01	,	5.04E+01	,	-3.59E+01
44.20	,	8.59E+01	,	4.99E+01	,	-3.61E+01
44.40	,	8.55E+01	,	4.93E+01	,	-3.62E+01
44.60	,	8.51E+01	,	4.87E+01	,	-3.64E+01
44.80	,	8.46E+01	,	4.80E+01	,	-3.66E+01
45.00	,	8.42E+01	,	4.73E+01	,	-3.68E+01
45.20	,	8.37E+01	,	4.66E+01	,	-3.71E+01
45.40	,	8.32E+01	,	4.58E+01	,	-3.74E+01
45.60	,	8.27E+01	,	4.50E+01	,	-3.77E+01
45.80	,	8.21E+01	,	4.41E+01	,	-3.80E+01
46.00	,	8.15E+01	,	4.32E+01	,	-3.83E+01
46.20	,	8.09E+01	,	4.23E+01	,	-3.86E+01
46.40	,	8.02E+01	,	4.13E+01	,	-3.89E+01
46.60	,	7.96E+01	,	4.03E+01	,	-3.93E+01
46.80	,	7.90E+01	,	3.93E+01	,	-3.97E+01
47.00	,	7.83E+01	,	3.82E+01	,	-4.01E+01
47.20	,	7.76E+01	,	3.71E+01	,	-4.05E+01
47.40	,	7.69E+01	,	3.60E+01	,	-4.09E+01
47.60	,	7.61E+01	,	3.48E+01	,	-4.13E+01
47.80	,	7.54E+01	,	3.36E+01	,	-4.18E+01
48.00	,	7.46E+01	,	3.24E+01	,	-4.22E+01
48.20	,	7.39E+01	,	3.12E+01	,	-4.27E+01
48.40	,	7.31E+01	,	2.99E+01	,	-4.32E+01
48.60	,	7.23E+01	,	2.86E+01	,	-4.37E+01
48.80	,	7.16E+01	,	2.73E+01	,	-4.42E+01
49.00	,	7.08E+01	,	2.60E+01	,	-4.47E+01
49.20	,	6.99E+01	,	2.47E+01	,	-4.52E+01
49.40	,	6.91E+01	,	2.34E+01	,	-4.57E+01
49.60	,	6.83E+01	,	2.20E+01	,	-4.62E+01
49.80	,	6.74E+01	,	2.07E+01	,	-4.68E+01
50.00	,	6.66E+01	,	1.93E+01	,	-4.74E+01
50.20	,	6.59E+01	,	1.79E+01	,	-4.79E+01
50.40	,	6.51E+01	,	1.66E+01	,	-4.85E+01
50.60	,	6.42E+01	,	1.52E+01	,	-4.90E+01
50.80	,	6.34E+01	,	1.38E+01	,	-4.96E+01
51.00	,	6.26E+01	,	1.25E+01	,	-5.01E+01
51.20	,	6.17E+01	,	1.11E+01	,	-5.06E+01
51.40	,	6.09E+01	,	9.77E+00	,	-5.12E+01
51.60	,	6.02E+01	,	8.45E+00	,	-5.17E+01
51.80	,	5.94E+01	,	7.14E+00	,	-5.23E+01
52.00	,	5.87E+01	,	5.84E+00	,	-5.28E+01
52.20	,	5.79E+01	,	4.55E+00	,	-5.34E+01
52.40	,	5.72E+01	,	3.28E+00	,	-5.39E+01
52.60	,	5.64E+01	,	2.03E+00	,	-5.44E+01
52.80	,	5.57E+01	,	8.11E-01	,	-5.48E+01
53.00	,	5.49E+01	,	-3.76E-01	,	-5.53E+01
53.20	,	5.43E+01	,	-1.54E+00	,	-5.58E+01
53.40	,	5.36E+01	,	-2.68E+00	,	-5.63E+01
53.60	,	5.30E+01	,	-3.81E+00	,	-5.68E+01
53.80	,	5.24E+01	,	-4.90E+00	,	-5.73E+01
54.00	,	5.18E+01	,	-5.96E+00	,	-5.77E+01
54.20	,	5.12E+01	,	-6.98E+00	,	-5.81E+01
54.40	,	5.06E+01	,	-7.96E+00	,	-5.85E+01
54.60	,	5.00E+01	,	-8.91E+00	,	-5.89E+01
54.80	,	4.95E+01	,	-9.83E+00	,	-5.93E+01
55.00	,	4.90E+01	,	-1.07E+01	,	-5.97E+01
55.20	,	4.86E+01	,	-1.16E+01	,	-6.01E+01
55.40	,	4.81E+01	,	-1.24E+01	,	-6.05E+01
55.60	,	4.77E+01	,	-1.31E+01	,	-6.08E+01
55.80	,	4.73E+01	,	-1.39E+01	,	-6.11E+01
56.00	,	4.69E+01	,	-1.45E+01	,	-6.14E+01
56.20	,	4.65E+01	,	-1.52E+01	,	-6.17E+01
56.40	,	4.62E+01	,	-1.58E+01	,	-6.20E+01
56.60	,	4.60E+01	,	-1.63E+01	,	-6.23E+01
56.80	,	4.57E+01	,	-1.68E+01	,	-6.25E+01
57.00	,	4.55E+01	,	-1.73E+01	,	-6.28E+01
57.20	,	4.53E+01	,	-1.77E+01	,	-6.30E+01
57.40	,	4.51E+01	,	-1.80E+01	,	-6.31E+01
57.60	,	4.50E+01	,	-1.83E+01	,	-6.33E+01
57.80	,	4.48E+01	,	-1.86E+01	,	-6.34E+01
58.00	,	4.48E+01	,	-1.88E+01	,	-6.36E+01
58.20	,	4.47E+01	,	-1.90E+01	,	-6.37E+01
58.40	,	4.48E+01	,	-1.91E+01	,	-6.39E+01
58.60	,	4.48E+01	,	-1.92E+01	,	-6.40E+01
58.80	,	4.49E+01	,	-1.92E+01	,	-6.40E+01
59.00	,	4.49E+01	,	-1.91E+01	,	-6.41E+01
59.20	,	4.50E+01	,	-1.91E+01	,	-6.41E+01
59.40	,	4.51E+01	,	-1.90E+01	,	-6.41E+01
59.60	,	4.53E+01	,	-1.88E+01	,	-6.41E+01
59.80	,	4.55E+01	,	-1.85E+01	,	-6.40E+01
60.00	,	4.57E+01	,	-1.83E+01	,	-6.40E+01
60.20	,	4.60E+01	,	-1.79E+01	,	-6.40E+01
60.40	,	4.63E+01	,	-1.76E+01	,	-6.39E+01
60.60	,	4.66E+01	,	-1.72E+01	,	-6.38E+01
60.80	,	4.70E+01	,	-1.67E+01	,	-6.37E+01
61.00	,	4.73E+01	,	-1.62E+01	,	-6.36E+01
61.20	,	4.77E+01	,	-1.57E+01	,	-6.34E+01
61.40	,	4.81E+01	,	-1.51E+01	,	-6.32E+01
61.60	,	4.86E+01	,	-1.45E+01	,	-6.31E+01
61.80	,	4.91E+01	,	-1.38E+01	,	-6.30E+01
62.00	,	4.96E+01	,	-1.31E+01	,	-6.28E+01
62.20	,	5.01E+01	,	-1.24E+01	,	-6.25E+01
62.40	,	5.07E+01	,	-1.16E+01	,	-6.23E+01
62.60	,	5.12E+01	,	-1.08E+01	,	-6.20E+01
62.80	,	5.18E+01	,	-9.89E+00	,	-6.17E+01
63.00	,	5.24E+01	,	-8.98E+00	,	-6.14E+01
63.20	,	5.31E+01	,	-8.05E+00	,	-6.11E+01
63.40	,	5.38E+01	,	-7.09E+00	,	-6.09E+01
63.60	,	5.44E+01	,	-6.10E+00	,	-6.05E+01
63.80	,	5.51E+01	,	-5.06E+00	,	-6.02E+01
64.00	,	5.58E+01	,	-3.99E+00	,	-5.98E+01
64.20	,	5.65E+01	,	-2.88E+00	,	-5.94E+01
64.40	,	5.72E+01	,	-1.76E+00	,	-5.90E+01
64.60	,	5.80E+01	,	-6.13E-01	,	-5.86E+01
64.80	,	5.88E+01	,	5.52E-01	,	-5.82E+01
65.00	,	5.96E+01	,	1.74E+00	,	-5.78E+01
65.20	,	6.03E+01	,	2.97E+00	,	-5.74E+01
65.40	,	6.11E+01	,	4.21E+00	,	-5.69E+01
65.60	,	6.19E+01	,	5.47E+00	,	-5.64E+01
65.80	,	6.27E+01	,	6.75E+00	,	-5.59E+01
66.00	,	6.35E+01	,	8.04E+00	,	-5.55E+01
66.20	,	6.43E+01	,	9.34E+00	,	-5.50E+01
66.40	,	6.51E+01	,	1.07E+01	,	-5.45E+01
66.60	,	6.60E+01	,	1.20E+01	,	-5.40E+01
66.80	,	6.68E+01	,	1.33E+01	,	-5.35E+01
67.00	,	6.76E+01	,	1.46E+01	,	-5.30E+01
67.20	,	6.84E+01	,	1.60E+01	,	-5.25E+01
67.40	,	6.92E+01	,	1.73E+01	,	-5.19E+01
67.60	,	7.00E+01	,	1.86E+01	,	-5.14E+01
67.80	,	7.08E+01	,	1.99E+01	,	-5.09E+01
68.00	,	7.16E+01	,	2.13E+01	,	-5.04E+01
68.20	,	7.24E+01	,	2.26E+01	,	-4.99E+01
68.40	,	7.32E+01	,	2.39E+01	,	-4.94E+01
68.60	,	7.40E+01	,	2.52E+01	,	-4.88E+01
68.80	,	7.48E+01	,	2.65E+01	,	-4.83E+01
69.00	,	7.55E+01	,	2.78E+01	,	-4.77E+01
69.20	,	7.62E+01	,	2.90E+01	,	-4.72E+01
69.40	,	7.69E+01	,	3.03E+01	,	-4.67E+01
69.60	,	7.77E+01	,	3.15E+01	,	-4.62E+01
69.80	,	7.84E+01	,	3.27E+01	,	-4.57E+01
70.00	,	7.91E+01	,	3.39E+01	,	-4.52E+01
70.20	,	7.97E+01	,	3.51E+01	,	-4.47E+01
70.40	,	8.03E+01	,	3.62E+01	,	-4.42E+01
70.60	,	8.09E+01	,	3.73E+01	,	-4.36E+01
70.80	,	8.15E+01	,	3.84E+01	,	-4.31E+01
71.00	,	8.21E+01	,	3.95E+01	,	-4.27E+01
71.20	,	8.27E+01	,	4.05E+01	,	-4.22E+01
71.40	,	8.32E+01	,	4.15E+01	,	-4.17E+01
71.60	,	8.37E+01	,	4.24E+01	,	-4.13E+01
71.80	,	8.42E+01	,	4.34E+01	,	-4.09E+01
72.00	,	8.47E+01	,	4.42E+01	,	-4.04E+01
72.20	,	8.51E+01	,	4.51E+01	,	-4.00E+01
72.40	,	8.55E+01	,	4.59E+01	,	-3.96E+01
72.60	,	8.59E+01	,	4.67E+01	,	-3.92E+01
72.80	,	8.62E+01	,	4.74E+01	,	-3.88E+01
73.00	,	8.66E+01	,	4.81E+01	,	-3.84E+01
73.20	,	8.69E+01	,	4.88E+01	,	-3.81E+01
73.40	,	8.71E+01	,	4.94E+01	,	-3.78E+01
73.60	,	8.74E+01	,	4.99E+01	,	-3.74E+01
73.80	,	8.76E+01	,	5.04E+01	,	-3.71E+01
74.00	,	8.77E+01	,	5.09E+01	,	-3.68E+01
74.20	,	8.79E+01	,	5.13E+01	,	-3.66E+01
74.40	,	8.80E+01	,	5.17E+01	,	-3.64E+01
74.60	,	8.81E+01	,	5.20E+01	,	-3.61E+01
74.80	,	8.82E+01	,	5.22E+01	,	-3.60E+01
75.00	,	8.82E+01	,	5.24E+01	,	-3.58E+01
75.20	,	8.82E+01	,	5.26E+01	,	-3.56E+01
75.40	,	8.81E+01	,	5.26E+01	,	-3.55E+01
75.60	,	8.81E+01	,	5.27E+01	,	-3.54E+01
75.80	,	8.79E+01	,	5.27E+01	,	-3.53E+01
76.00	,	8.78E+01	,	5.26E+01	,	-3.52E+01
76.20	,	8.77E+01	,	5.25E+01	,	-3.52E+01
76.40	,	8.75E+01	,	5.23E+01	,	-3.52E+01
76.60	,	8.73E+01	,	5.21E+01	,	-3.52E+01
76.80	,	8.70E+01	,	5.18E+01	,	-3.52E+01
77.00	,	8.67E+01	,	5.15E+01	,	-3.53E+01
77.20	,	8.64E+01	,	5.11E+01	,	-3.53E+01
77.40	,	8.61E+01	,	5.07E+01	,	-3.54E+01
77.60	,	8.57E+01	,	5.02E+01	,	-3.55E+01
77.80	,	8.54E+01	,	4.97E+01	,	-3.57E+01
78.00	,	8.50E+01	,	4.91E+01	,	-3.58E+01
78.20	,	8.45E+01	,	4.85E+01	,	-3.60E+01
78.40	,	8.40E+01	,	4.78E+01	,	-3.62E+01
78.60	,	8.35E+01	,	4.71E+01	,	-3.64E+01
78.80	,	8.30E+01	,	4.63E+01	,	-3.67E+01
79.00	,	8.24E+01	,	4.55E+01	,	-3.70E+01
79.20	,	8.19E+01	,	4.46E+01	,	-3.73E+01
79.40	,	8.13E+01	,	4.37E+01	,	-3.76E+01
79.60	,	8.07E+01	,	4.28E+01	,	-3.79E+01
79.80	,	8.01E+01	,	4.18E+01	,	-3.83E+01
80.00	,	7.94E+01	,	4.08E+01	,	-3.86E+01
80.20	,	7.87E+01	,	3.98E+01	,	-3.90E+01
80.40	,	7.81E+01	,	3.87E+01	,	-3.94E+01
80.60	,	7.74E+01	,	3.76E+01	,	-3.98E+01
80.80	,	7.66E+01	,	3.64E+01	,	-4.02E+01
81.00	,	7.59E+01	,	3.53E+01	,	-4.06E+01
81.20	,	7.52E+01	,	3.41E+01	,	-4.11E+01
81.40	,	7.44E+01	,	3.28E+01	,	-4.16E+01
81.60	,	7.36E+01	,	3.16E+01	,	-4.21E+01
81.80	,	7.29E+01	,	3.03E+01	,	-4.26E+01
82.00	,	7.21E+01	,	2.90E+01	,	-4.31E+01
82.20	,	7.13E+01	,	2.77E+01	,	-4.36E+01
82.40	,	7.05E+01	,	2.64E+01	,	-4.41E+01
82.60	,	6.97E+01	,	2.50E+01	,	-4.47E+01
82.80	,	6.89E+01	,	2.37E+01	,	-4.52E+01
83.00	,	6.80E+01	,	2.23E+01	,	-4.58E+01
83.20	,	6.72E+01	,	2.09E+01	,	-4.63E+01
83.40	,	6.64E+01	,	1.95E+01	,	-4.69E+01
83.60	,	6.56E+01	,	1.81E+01	,	-4.75E+01
83.80	,	6.48E+01	,	1.66E+01	,	-4.81E+01
84.00	,	6.40E+01	,	1.52E+01	,	-4.87E+01
84.20	,	6.32E+01	,	1.38E+01	,	-4.93E+01
84.40	,	6.23E+01	,	1.24E+01	,	-4.99E+01
84.60	,	6.15E+01	,	1.10E+01	,	-5.05E+01
84.80	,	6.07E+01	,	9.60E+00	,	-5.11E+01
85.00	,	6.00E+01	,	8.21E+00	,	-5.17E+01
85.20	,	5.92E+01	,	6.84E+00	,	-5.24E+01
85.40	,	5.84E+01	,	5.48E+00	,	-5.30E+01
85.60	,	5.77E+01	,	4.14E+00	,	-5.35E+01
85.80	,	5.69E+01	,	2.82E+00	,	-5.41E+01
86.00	,	5.62E+01	,	1.52E+00	,	-5.47E+01
86.20	,	5.55E+01	,	2.38E-01	,	-5.52E+01
86.40	,	5.48E+01	,	-1.02E+00	,	-5.58E+01
86.60	,	5.41E+01	,	-2.25E+00	,	-5.63E+01
86.80	,	5.34E+01	,	-3.45E+00	,	-5.69E+01
87.00	,	5.28E+01	,	-4.62E+00	,	-5.74E+01
87.20	,	5.22E+01	,	-5.76E+00	,	-5.79E+01
87.40	,	5.15E+01	,	-6.86E+00	,	-5.84E+01
87.60	,	5.10E+01	,	-7.91E+00	,	-5.89E+01
87.80	,	5.04E+01	,	-8.94E+00	,	-5.93E+01
88.00	,	4.99E+01	,	-9.92E+00	,	-5.98E+01
88.20	,	4.94E+01	,	-1.09E+01	,	-6.02E+01
88.40	,	4.89E+01	,	-1.18E+01	,	-6.07E+01
88.60	,	4.84E+01	,	-1.27E+01	,	-6.11E+01
88.80	,	4.79E+01	,	-1.35E+01	,	-6.14E+01
89.00	,	4.75E+01	,	-1.43E+01	,	-6.18E+01
89.20	,	4.71E+01	,	-1.50E+01	,	-6.22E+01
89.40	,	4.68E+01	,	-1.58E+01	,	-6.25E+01
89.60	,	4.64E+01	,	-1.64E+01	,	-6.28E+01
89.80	,	4.61E+01	,	-1.70E+01	,	-6.32E+01
90.00	,	4.58E+01	,	-1.76E+01	,	-6.34E+01
90.20	,	4.56E+01	,	-1.81E+01	,	-6.37E+01
90.40	,	4.54E+01	,	-1.86E+01	,	-6.40E+01
90.60	,	4.52E+01	,	-1.90E+01	,	-6.42E+01
90.80	,	4.50E+01	,	-1.94E+01	,	-6.44E+01
91.00	,	4.49E+01	,	-1.97E+01	,	-6.46E+01
91.20	,	4.48E+01	,	-2.00E+01	,	-6.48E+01
91.40	,	4.47E+01	,	-2.02E+01	,	-6.49E+01
91.60	,	4.47E+01	,	-2.04E+01	,	-6.50E+01
91.80	,	4.47E+01	,	-2.05E+01	,	-6.52E+01
92.00	,	4.47E+01	,	-2.05E+01	,	-6.52E+01
92.20	,	4.48E+01	,	-2.05E+01	,	-6.53E+01
92.40	,	4.48E+01	,	-2.05E+01	,	-6.53E+01
92.60	,	4.50E+01	,	-2.04E+01	,	-6.53E+01
92.80	,	4.51E+01	,	-2.02E+01	,	-6.53E+01
93.00	,	4.53E+01	,	-2.00E+01	,	-6.53E+01
93.20	,	4.55E+01	,	-1.98E+01	,	-6.53E+01
93.40	,	4.57E+01	,	-1.94E+01	,	-6.52E+01
93.60	,	4.60E+01	,	-1.91E+01	,	-6.51E+01
93.80	,	4.63E+01	,	-1.87E+01	,	-6.50E+01
94.00	,	4.66E+01	,	-1.82E+01	,	-6.48E+01
94.20	,	4.69E+01	,	-1.77E+01	,	-6.46E+01
94.40	,	4.73E+01	,	-1.71E+01	,	-6.44E+01
94.60	,	4.77E+01	,	-1.65E+01	,	-6.42E+01
94.80	,	4.82E+01	,	-1.58E+01	,	-6.40E+01
95.00	,	4.86E+01	,	-1.51E+01	,	-6.38E+01
95.20	,	4.91E+01	,	-1.44E+01	,	-6.35E+01
95.40	,	4.96E+01	,	-1.36E+01	,	-6.32E+01
95.60	,	5.01E+01	,	-1.27E+01	,	-6.29E+01
95.80	,	5.07E+01	,	-1.18E+01	,	-6.25E+01
96.00	,	5.13E+01	,	-1.09E+01	,	-6.22E+01
96.20	,	5.19E+01	,	-9.92E+00	,	-6.18E+01
96.40	,	5.25E+01	,	-8.91E+00	,	-6.14E+01
96.60	,	5.31E+01	,	-7.87E+00	,	-6.10E+01
96.80	,	5.38E+01	,	-6.79E+00	,	-6.06E+01
97.00	,	5.45E+01	,	-5.66E+00	,	-6.01E+01
97.20	,	5.51E+01	,	-4.52E+00	,	-5.97E+01
97.40	,	5.59E+01	,	-3.34E+00	,	-5.92E+01
97.60	,	5.66E+01	,	-2.15E+00	,	-5.87E+01
97.80	,	5.73E+01	,	-9.33E-01	,	-5.83E+01
98.00	,	5.81E+01	,	3.12E-01	,	-5.78E+01
98.20	,	5.88E+01	,	1.58E+00	,	-5.73E+01
98.40	,	5.96E+01	,	2.87E+00	,	-5.67E+01
98.60	,	6.04E+01	,	4.18E+00	,	-5.62E+01
98.80	,	6.12E+01	,	5.50E+00	,	-5.57E+01
99.00	,	6.20E+01	,	6.84E+00	,	-5.51E+01
99.20	,	6.28E+01	,	8.19E+00	,	-5.46E+01
99.40	,	6.36E+01	,	9.55E+00	,	-5.40E+01
99.60	,	6.44E+01	,	1.09E+01	,	-5.35E+01
99.80	,	6.52E+01	,	1.23E+01	,	-5.29E+01
100.00	,	6.60E+01	,	1.37E+01	,	-5.24E+01
100.20	,	6.68E+01	,	1.51E+01	,	-5.18E+01
100.40	,	6.77E+01	,	1.64E+01	,	-5.12E+01
100.60	,	6.85E+01	,	1.78E+01	,	-5.07E+01
100.80	,	6.93E+01	,	1.92E+01	,	-5.01E+01
101.00	,	7.01E+01	,	2.06E+01	,	-4.95E+01
101.20	,	7.09E+01	,	2.20E+01	,	-4.90E+01
101.40	,	7.17E+01	,	2.33E+01	,	-4.84E+01
101.60	,	7.25E+01	,	2.47E+01	,	-4.78E+01
101.80	,	7.33E+01	,	2.61E+01	,	-4.72E+01
102.00	,	7.40E+01	,	2.74E+01	,	-4.66E+01
102.20	,	7.48E+01	,	2.88E+01	,	-4.61E+01
102.40	,	7.56E+01	,	3.01E+01	,	-4.55E+01
102.60	,	7.63E+01	,	3.14E+01	,	-4.49E+01
102.80	,	7.70E+01	,	3.26E+01	,	-4.44E+01
103.00	,	7.77E+01	,	3.39E+01	,	-4.38E+01
103.20	,	7.84E+01	,	3.51E+01	,	-4.33E+01
103.40	,	7.91E+01	,	3.63E+01	,	-4.27E+01
103.60	,	7.97E+01	,	3.75E+01	,	-4.22E+01
103.80	,	8.04E+01	,	3.86E+01	,	-4.18E+01
104.00	,	8.10E+01	,	3.97E+01	,	-4.13E+01
104.20	,	8.16E+01	,	4.08E+01	,	-4.08E+01
104.40	,	8.21E+01	,	4.18E+01	,	-4.04E+01
104.60	,	8.27E+01	,	4.28E+01	,	-3.99E+01
104.80	,	8.32E+01	,	4.37E+01	,	-3.95E+01
105.00	,	8.37E+01	,	4.47E+01	,	-3.91E+01
105.20	,	8.42E+01	,	4.55E+01	,	-3.87E+01
105.40	,	8.47E+01	,	4.63E+01	,	-3.83E+01
105.60	,	8.51E+01	,	4.71E+01	,	-3.80E+01
105.80	,	8.55E+01	,	4.79E+01	,	-3.76E+01
106.00	,	8.59E+01	,	4.85E+01	,	-3.73E+01
106.20	,	8.62E+01	,	4.92E+01	,	-3.70E+01
106.40	,	8.65E+01	,	4.98E+01	,	-3.67E+01
106.60	,	8.68E+01	,	5.03E+01	,	-3.65E+01
106.80	,	8.70E+01	,	5.08E+01	,	-3.62E+01
107.00	,	8.73E+01	,	5.13E+01	,	-3.60E+01
107.20	,	8.75E+01	,	5.16E+01	,	-3.59E+01
107.40	,	8.77E+01	,	5.20E+01	,	-3.57E+01
107.60	,	8.78E+01	,	5.23E+01	,	-3.56E+01
107.80	,	8.79E+01	,	5.25E+01	,	-3.54E+01
108.00	,	8.80E+01	,	5.27E+01	,	-3.53E+01
108.20	,	8.80E+01	,	5.28E+01	,	-3.52E+01
108.40	,	8.80E+01	,	5.29E+01	,	-3.52E+01
108.60	,	8.80E+01	,	5.29E+01	,	-3.52E+01
108.80	,	8.80E+01	,	5.28E+01	,	-3.52E+01
109.00	,	8.80E+01	,	5.27E+01	,	-3.52E+01
109.20	,	8.79E+01	,	5.26E+01	,	-3.53E+01
109.40	,	8.77E+01	,	5.24E+01	,	-3.53E+01
109.60	,	8.75E+01	,	5.22E+01	,	-3.54E+01
109.80	,	8.73E+01	,	5.19E+01	,	-3.54E+01
110.00	,	8.71E+01	,	5.15E+01	,	-3.55E+01
110.20	,	8.68E+01	,	5.11E+01	,	-3.57E+01
110.40	,	8.66E+01	,	5.07E+01	,	-3.59E+01
110.60	,	8.63E+01	,	5.02E+01	,	-3.61E+01
110.80	,	8.59E+01	,	4.97E+01	,	-3.63E+01
111.00	,	8.56E+01	,	4.91E+01	,	-3.65E+01
111.20	,	8.52E+01	,	4.85E+01	,	-3.67E+01
111.40	,	8.47E+01	,	4.78E+01	,	-3.69E+01
111.60	,	8.42E+01	,	4.71E+01	,	-3.71E+01
111.80	,	8.38E+01	,	4.64E+01	,	-3.74E+01
112.00	,	8.33E+01	,	4.56E+01	,	-3.77E+01
112.20	,	8.28E+01	,	4.48E+01	,	-3.80E+01
112.40	,	8.23E+01	,	4.39E+01	,	-3.83E+01
112.60	,	8.17E+01	,	4.30E+01	,	-3.87E+01
112.80	,	8.11E+01	,	4.20E+01	,	-3.90E+01
113.00	,	8.04E+01	,	4.11E+01	,	-3.94E+01
113.20	,	7.98E+01	,	4.00E+01	,	-3.97E+01
113.40	,	7.91E+01	,	3.90E+01	,	-4.01E+01
113.60	,	7.85E+01	,	3.79E+01	,	-4.06E+01
113.80	,	7.78E+01	,	3.68E+01	,	-4.10E+01
114.00	,	7.71E+01	,	3.56E+01	,	-4.15E+01
114.20	,	7.64E+01	,	3.45E+01	,	-4.19E+01
114.40	,	7.56E+01	,	3.33E+01	,	-4.24E+01
114.60	,	7.48E+01	,	3.21E+01	,	-4.28E+01
114.80	,	7.41E+01	,	3.08E+01	,	-4.33E+01
115.00	,	7.33E+01	,	2.95E+01	,	-4.38E+01
115.20	,	7.25E+01	,	2.83E+01	,	-4.43E+01
115.40	,	7.18E+01	,	2.69E+01	,	-4.48E+01
115.60	,	7.10E+01	,	2.56E+01	,	-4.54E+01
115.80	,	7.02E+01	,	2.43E+01	,	-4.59E+01
116.00	,	6.94E+01	,	2.30E+01	,	-4.64E+01
116.20	,	6.85E+01	,	2.16E+01	,	-4.69E+01
116.40	,	6.77E+01	,	2.03E+01	,	-4.74E+01
116.60	,	6.69E+01	,	1.89E+01	,	-4.80E+01
116.80	,	6.61E+01	,	1.75E+01	,	-4.85E+01
117.00	,	6.53E+01	,	1.62E+01	,	-4.91E+01
117.20	,	6.45E+01	,	1.48E+01	,	-4.97E+01
117.40	,	6.37E+01	,	1.35E+01	,	-5.02E+01
117.60	,	6.28E+01	,	1.21E+01	,	-5.07E+01
117.80	,	6.20E+01	,	1.08E+01	,	-5.12E+01
118.00	,	6.12E+01	,	9.45E+00	,	-5.17E+01
118.20	,	6.04E+01	,	8.13E+00	,	-5.23E+01
118.40	,	5.96E+01	,	6.83E+00	,	-5.28E+01
118.60	,	5.89E+01	,	5.54E+00	,	-5.33E+01
118.80	,	5.81E+01	,	4.27E+00	,	-5.39E+01
119.00	,	5.74E+01	,	3.01E+00	,	-5.44E+01
119.20	,	5.66E+01	,	1.77E+00	,	-5.48E+01
119.40	,	5.59E+01	,	5.52E-01	,	-5.53E+01
119.60	,	5.51E+01	,	-6.42E-01	,	-5.58E+01
119.80	,	5.44E+01	,	-1.81E+00	,	-5.63E+01
120.00	,	5.38E+01	,	-2.96E+00	,	-5.67E+01
120.20	,	5.31E+01	,	-4.08E+00	,	-5.72E+01
120.40	,	5.25E+01	,	-5.17E+00	,	-5.77E+01
120.60	,	5.19E+01	,	-6.24E+00	,	-5.81E+01
120.80	,	5.13E+01	,	-7.27E+00	,	-5.85E+01
121.00	,	5.07E+01	,	-8.28E+00	,	-5.89E+01
121.20	,	5.01E+01	,	-9.25E+00	,	-5.93E+01
121.40	,	4.96E+01	,	-1.02E+01	,	-5.97E+01
121.60	,	4.91E+01	,	-1.11E+01	,	-6.01E+01
121.80	,	4.86E+01	,	-1.19E+01	,	-6.05E+01
122.00	,	4.81E+01	,	-1.28E+01	,	-6.09E+01
122.20	,	4.77E+01	,	-1.36E+01	,	-6.13E+01
122.40	,	4.73E+01	,	-1.43E+01	,	-6.16E+01
122.60	,	4.69E+01	,	-1.50E+01	,	-6.19E+01
122.80	,	4.65E+01	,	-1.57E+01	,	-6.22E+01
123.00	,	4.62E+01	,	-1.63E+01	,	-6.25E+01
123.20	,	4.59E+01	,	-1.68E+01	,	-6.27E+01
123.40	,	4.56E+01	,	-1.74E+01	,	-6.30E+01
123.60	,	4.54E+01	,	-1.78E+01	,	-6.32E+01
123.80	,	4.52E+01	,	-1.83E+01	,	-6.34E+01
124.00	,	4.50E+01	,	-1.86E+01	,	-6.36E+01
124.20	,	4.48E+01	,	-1.90E+01	,	-6.38E+01
124.40	,	4.47E+01	,	-1.92E+01	,	-6.39E+01
124.60	,	4.46E+01	,	-1.94E+01	,	-6.40E+01
124.80	,	4.45E+01	,	-1.96E+01	,	-6.42E+01
125.00	,	4.45E+01	,	-1.97E+01	,	-6.43E+01
125.20	,	4.45E+01	,	-1.98E+01	,	-6.44E+01
125.40	,	4.46E+01	,	-1.98E+01	,	-6.44E+01
125.60	,	4.46E+01	,	-1.98E+01	,	-6.44E+01
125.80	,	4.47E+01	,	-1.97E+01	,	-6.44E+01
126.00	,	4.48E+01	,	-1.96E+01	,	-6.44E+01
126.20	,	4.50E+01	,	-1.94E+01	,	-6.44E+01
126.40	,	4.52E+01	,	-1.92E+01	,	-6.44E+01
126.60	,	4.54E+01	,	-1.89E+01	,	-6.43E+01
126.80	,	4.56E+01	,	-1.86E+01	,	-6.42E+01
127.00	,	4.59E+01	,	-1.82E+01	,	-6.41E+01
127.20	,	4.62E+01	,	-1.78E+01	,	-6.40E+01
127.40	,	4.65E+01	,	-1.73E+01	,	-6.38E+01
127.60	,	4.69E+01	,	-1.68E+01	,	-6.36E+01
127.80	,	4.72E+01	,	-1.62E+01	,	-6.35E+01
128.00	,	4.77E+01	,	-1.56E+01	,	-6.33E+01
128.20	,	4.81E+01	,	-1.49E+01	,	-6.31E+01
128.40	,	4.86E+01	,	-1.42E+01	,	-6.28E+01
128.60	,	4.91E+01	,	-1.35E+01	,	-6.26E+01
128.80	,	4.96E+01	,	-1.27E+01	,	-6.23E+01
129.00	,	5.01E+01	,	-1.19E+01	,	-6.20E+01
129.20	,	5.06E+01	,	-1.10E+01	,	-6.16E+01
129.40	,	5.12E+01	,	-1.01E+01	,	-6.13E+01
129.60	,	5.19E+01	,	-9.14E+00	,	-6.10E+01
129.80	,	5.25E+01	,	-8.15E+00	,	-6.07E+01
130.00	,	5.32E+01	,	-7.12E+00	,	-6.03E+01
130.20	,	5.38E+01	,	-6.07E+00	,	-5.99E+01
130.40	,	5.45E+01	,	-4.98E+00	,	-5.94E+01
130.60	,	5.51E+01	,	-3.85E+00	,	-5.90E+01
130.80	,	5.58E+01	,	-2.70E+00	,	-5.85E+01
131.00	,	5.66E+01	,	-1.52E+00	,	-5.81E+01
131.20	,	5.73E+01	,	-3.14E-01	,	-5.76E+01
131.40	,	5.81E+01	,	9.16E-01	,	-5.72E+01
131.60	,	5.89E+01	,	2.17E+00	,	-5.67E+01
131.80	,	5.96E+01	,	3.43E+00	,	-5.62E+01
132.00	,	6.04E+01	,	4.71E+00	,	-5.57E+01
132.20	,	6.12E+01	,	6.00E+00	,	-5.52E+01
132.40	,	6.20E+01	,	7.31E+00	,	-5.47E+01
132.60	,	6.28E+01	,	8.63E+00	,	-5.42E+01
132.80	,	6.36E+01	,	9.96E+00	,	-5.36E+01
133.00	,	6.44E+01	,	1.13E+01	,	-5.31E+01
133.20	,	6.53E+01	,	1.26E+01	,	-5.26E+01
133.40	,	6.61E+01	,	1.40E+01	,	-5.21E+01
133.60	,	6.69E+01	,	1.53E+01	,	-5.16E+01
133.80	,	6.77E+01	,	1.67E+01	,	-5.10E+01
134.00	,	6.85E+01	,	1.80E+01	,	-5.05E+01
134.20	,	6.93E+01	,	1.94E+01	,	-4.99E+01
134.40	,	7.01E+01	,	2.07E+01	,	-4.94E+01
134.60	,	7.09E+01	,	2.21E+01	,	-4.89E+01
134.80	,	7.17E+01	,	2.34E+01	,	-4.84E+01
135.00	,	7.25E+01	,	2.47E+01	,	-4.78E+01
135.20	,	7.33E+01	,	2.60E+01	,	-4.73E+01
135.40	,	7.41E+01	,	2.73E+01	,	-4.68E+01
135.60	,	7.48E+01	,	2.86E+01	,	-4.62E+01
135.80	,	7.56E+01	,	2.98E+01	,	-4.57E+01
136.00	,	7.63E+01	,	3.11E+01	,	-4.52E+01
136.20	,	7.70E+01	,	3.23E+01	,	-4.48E+01
136.40	,	7.77E+01	,	3.35E+01	,	-4.42E+01
136.60	,	7.84E+01	,	3.47E+01	,	-4.37E+01
136.80	,	7.91E+01	,	3.58E+01	,	-4.32E+01
137.00	,	7.97E+01	,	3.70E+01	,	-4.27E+01
137.20	,	8.03E+01	,	3.81E+01	,	-4.23E+01
137.40	,	8.10E+01	,	3.92E+01	,	-4.18E+01
137.60	,	8.16E+01	,	4.02E+01	,	-4.14E+01
137.80	,	8.22E+01	,	4.12E+01	,	-4.09E+01
138.00	,	8.27E+01	,	4.22E+01	,	-4.05E+01
138.20	,	8.32E+01	,	4.31E+01	,	-4.01E+01
138.40	,	8.37E+01	,	4.40E+01	,	-3.97E+01
138.60	,	8.42E+01	,	4.48E+01	,	-3.93E+01
138.80	,	8.46E+01	,	4.56E+01	,	-3.90E+01
139.00	,	8.51E+01	,	4.64E+01	,	-3.87E+01
139.20	,	8.55E+01	,	4.71E+01	,	-3.83E+01
139.40	,	8.58E+01	,	4.78E+01	,	-3.80E+01
139.60	,	8.62E+01	,	4.84E+01	,	-3.77E+01
139.80	,	8.65E+01	,	4.90E+01	,	-3.75E+01
140.00	,	8.67E+01	,	4.95E+01	,	-3.72E+01
140.20	,	8.70E+01	,	5.00E+01	,	-3.69E+01
140.40	,	8.72E+01	,	5.05E+01	,	-3.67E+01
140.60	,	8.74E+01	,	5.09E+01	,	-3.65E+01
140.80	,	8.76E+01	,	5.12E+01	,	-3.64E+01
141.00	,	8.77E+01	,	5.15E+01	,	-3.62E+01
141.20	,	8.78E+01	,	5.18E+01	,	-3.60E+01
141.40	,	8.79E+01	,	5.20E+01	,	-3.59E+01
141.60	,	8.79E+01	,	5.22E+01	,	-3.58E+01
141.80	,	8.79E+01	,	5.23E+01	,	-3.57E+01
142.00	,	8.79E+01	,	5.23E+01	,	-3.56E+01
142.20	,	8.79E+01	,	5.23E+01	,	-3.56E+01
142.40	,	8.78E+01	,	5.23E+01	,	-3.56E+01
142.60	,	8.77E+01	,	5.21E+01	,	-3.56E+01
142.80	,	8.76E+01	,	5.20E+01	,	-3.56E+01
143.00	,	8.74E+01	,	5.18E+01	,	-3.56E+01
143.20	,	8.72E+01	,	5.15E+01	,	-3.57E+01
143.40	,	8.69E+01	,	5.12E+01	,	-3.57E+01
143.60	,	8.67E+01	,	5.08E+01	,	-3.58E+01
143.80	,	8.64E+01	,	5.04E+01	,	-3.60E+01
144.00	,	8.61E+01	,	5.00E+01	,	-3.61E+01
144.20	,	8.58E+01	,	4.95E+01	,	-3.63E+01
144.40	,	8.54E+01	,	4.89E+01	,	-3.65E+01
144.60	,	8.50E+01	,	4.83E+01	,	-3.67E+01
144.80	,	8.45E+01	,	4.77E+01	,	-3.69E+01
145.00	,	8.41E+01	,	4.70E+01	,	-3.71E+01
145.20	,	8.36E+01	,	4.63E+01	,	-3.73E+01
145.40	,	8.31E+01	,	4.55E+01	,	-3.76E+01
145.60	,	8.26E+01	,	4.47E+01	,	-3.79E+01
145.80	,	8.20E+01	,	4.39E+01	,	-3.82E+01
146.00	,	8.15E+01	,	4.30E+01	,	-3.85E+01
146.20	,	8.09E+01	,	4.21E+01	,	-3.88E+01
146.40	,	8.02E+01	,	4.11E+01	,	-3.91E+01
146.60	,	7.96E+01	,	4.01E+01	,	-3.95E+01
146.80	,	7.89E+01	,	3.91E+01	,	-3.98E+01
147.00	,	7.82E+01	,	3.81E+01	,	-4.02E+01
147.20	,	7.76E+01	,	3.70E+01	,	-4.06E+01
147.40	,	7.69E+01	,	3.59E+01	,	-4.10E+01
147.60	,	7.62E+01	,	3.47E+01	,	-4.14E+01
147.80	,	7.54E+01	,	3.36E+01	,	-4.19E+01
148.00	,	7.47E+01	,	3.24E+01	,	-4.23E+01
148.20	,	7.39E+01	,	3.12E+01	,	-4.27E+01
148.40	,	7.31E+01	,	3.00E+01	,	-4.31E+01
148.60	,	7.23E+01	,	2.87E+01	,	-4.36E+01
148.80	,	7.15E+01	,	2.75E+01	,	-4.41E+01
149.00	,	7.08E+01	,	2.62E+01	,	-4.46E+01
149.20	,	7.00E+01	,	2.49E+01	,	-4.51E+01
149.40	,	6.91E+01	,	2.36E+01	,	-4.55E+01
149.60	,	6.83E+01	,	2.23E+01	,	-4.60E+01
149.80	,	6.75E+01	,	2.10E+01	,	-4.65E+01
150.00	,	6.66E+01	,	1.96E+01	,	-4.70E+01
150.20	,	6.58E+01	,	1.83E+01	,	-4.75E+01
150.40	,	6.50E+01	,	1.69E+01	,	-4.81E+01
150.60	,	6.42E+01	,	1.56E+01	,	-4.86E+01
150.80	,	6.34E+01	,	1.43E+01	,	-4.91E+01
151.00	,	6.26E+01	,	1.29E+01	,	-4.97E+01
151.20	,	6.18E+01	,	1.16E+01	,	-5.02E+01
151.40	,	6.10E+01	,	1.02E+01	,	-5.07E+01
151.60	,	6.02E+01	,	8.90E+00	,	-5.13E+01
151.80	,	5.94E+01	,	7.59E+00	,	-5.18E+01
152.00	,	5.86E+01	,	6.28E+00	,	-5.23E+01
152.20	,	5.79E+01	,	4.99E+00	,	-5.29E+01
152.40	,	5.71E+01	,	3.71E+00	,	-5.34E+01
152.60	,	5.64E+01	,	2.45E+00	,	-5.40E+01
152.80	,	5.57E+01	,	1.19E+00	,	-5.45E+01
153.00	,	5.50E+01	,	-3.16E-02	,	-5.50E+01
153.20	,	5.42E+01	,	-1.23E+00	,	-5.55E+01
153.40	,	5.36E+01	,	-2.39E+00	,	-5.60E+01
153.60	,	5.29E+01	,	-3.53E+00	,	-5.64E+01
153.80	,	5.23E+01	,	-4.65E+00	,	-5.69E+01
154.00	,	5.17E+01	,	-5.75E+00	,	-5.74E+01
154.20	,	5.11E+01	,	-6.82E+00	,	-5.79E+01
154.40	,	5.05E+01	,	-7.85E+00	,	-5.84E+01
154.60	,	4.99E+01	,	-8.84E+00	,	-5.88E+01
154.80	,	4.94E+01	,	-9.79E+00	,	-5.92E+01
155.00	,	4.89E+01	,	-1.07E+01	,	-5.96E+01
155.20	,	4.84E+01	,	-1.16E+01	,	-6.00E+01
155.40	,	4.80E+01	,	-1.24E+01	,	-6.04E+01
155.60	,	4.75E+01	,	-1.32E+01	,	-6.08E+01
155.80	,	4.71E+01	,	-1.40E+01	,	-6.11E+01
156.00	,	4.67E+01	,	-1.47E+01	,	-6.14E+01
156.20	,	4.64E+01	,	-1.53E+01	,	-6.17E+01
156.40	,	4.61E+01	,	-1.60E+01	,	-6.20E+01
156.60	,	4.58E+01	,	-1.65E+01	,	-6.23E+01
156.80	,	4.55E+01	,	-1.71E+01	,	-6.26E+01
157.00	,	4.53E+01	,	-1.75E+01	,	-6.28E+01
157.20	,	4.51E+01	,	-1.80E+01	,	-6.30E+01
157.40	,	4.49E+01	,	-1.84E+01	,	-6.32E+01
157.60	,	4.47E+01	,	-1.87E+01	,	-6.34E+01
157.80	,	4.46E+01	,	-1.90E+01	,	-6.36E+01
158.00	,	4.45E+01	,	-1.92E+01	,	-6.38E+01
158.20	,	4.45E+01	,	-1.94E+01	,	-6.39E+01
158.40	,	4.44E+01	,	-1.96E+01	,	-6.40E+01
158.60	,	4.44E+01	,	-1.96E+01	,	-6.41E+01
158.80	,	4.45E+01	,	-1.97E+01	,	-6.42E+01
159.00	,	4.46E+01	,	-1.97E+01	,	-6.42E+01
159.20	,	4.47E+01	,	-1.96E+01	,	-6.43E+01
159.40	,	4.48E+01	,	-1.95E+01	,	-6.43E+01
159.60	,	4.49E+01	,	-1.93E+01	,	-6.43E+01
159.80	,	4.51E+01	,	-1.91E+01	,	-6.42E+01
160.00	,	4.53E+01	,	-1.88E+01	,	-6.42E+01
160.20	,	4.56E+01	,	-1.85E+01	,	-6.41E+01
160.40	,	4.59E+01	,	-1.82E+01	,	-6.40E+01
160.60	,	4.62E+01	,	-1.78E+01	,	-6.40E+01
160.80	,	4.65E+01	,	-1.73E+01	,	-6.38E+01
161.00	,	4.69E+01	,	-1.68E+01	,	-6.37E+01
161.20	,	4.73E+01	,	-1.62E+01	,	-6.35E+01
161.40	,	4.77E+01	,	-1.56E+01	,	-6.33E+01
161.60	,	4.81E+01	,	-1.50E+01	,	-6.31E+01
161.80	,	4.86E+01	,	-1.43E+01	,	-6.29E+01
162.00	,	4.91E+01	,	-1.36E+01	,	-6.27E+01
162.20	,	4.96E+01	,	-1.28E+01	,	-6.24E+01
162.40	,	5.02E+01	,	-1.20E+01	,	-6.21E+01
162.60	,	5.07E+01	,	-1.11E+01	,	-6.18E+01
162.80	,	5.13E+01	,	-1.02E+01	,	-6.15E+01
163.00	,	5.19E+01	,	-9.21E+00	,	-6.11E+01
163.20	,	5.25E+01	,	-8.22E+00	,	-6.07E+01
163.40	,	5.32E+01	,	-7.19E+00	,	-6.04E+01
163.60	,	5.39E+01	,	-6.12E+00	,	-6.00E+01
163.80	,	5.45E+01	,	-5.02E+00	,	-5.96E+01
164.00	,	5.52E+01	,	-3.89E+00	,	-5.91E+01
164.20	,	5.59E+01	,	-2.73E+00	,	-5.87E+01
164.40	,	5.66E+01	,	-1.55E+00	,	-5.82E+01
164.60	,	5.74E+01	,	-3.34E-01	,	-5.77E+01
164.80	,	5.81E+01	,	9.00E-01	,	-5.72E+01
165.00	,	5.89E+01	,	2.15E+00	,	-5.68E+01
165.20	,	5.97E+01	,	3.43E+00	,	-5.63E+01
165.40	,	6.05E+01	,	4.73E+00	,	-5.58E+01
165.60	,	6.13E+01	,	6.05E+00	,	-5.53E+01
165.80	,	6.21E+01	,	7.38E+00	,	-5.47E+01
166.00	,	6.29E+01	,	8.72E+00	,	-5.41E+01
166.20	,	6.37E+01	,	1.01E+01	,	-5.36E+01
166.40	,	6.45E+01	,	1.14E+01	,	-5.31E+01
166.60	,	6.53E+01	,	1.28E+01	,	-5.26E+01
166.80	,	6.62E+01	,	1.41E+01	,	-5.20E+01
167.00	,	6.70E+01	,	1.55E+01	,	-5.15E+01
167.20	,	6.78E+01	,	1.69E+01	,	-5.09E+01
167.40	,	6.86E+01	,	1.83E+01	,	-5.03E+01
167.60	,	6.94E+01	,	1.96E+01	,	-4.98E+01
167.80	,	7.02E+01	,	2.10E+01	,	-4.92E+01
168.00	,	7.10E+01	,	2.23E+01	,	-4.87E+01
168.20	,	7.18E+01	,	2.37E+01	,	-4.81E+01
168.40	,	7.26E+01	,	2.50E+01	,	-4.76E+01
168.60	,	7.34E+01	,	2.63E+01	,	-4.70E+01
168.80	,	7.41E+01	,	2.76E+01	,	-4.65E+01
169.00	,	7.49E+01	,	2.89E+01	,	-4.60E+01
169.20	,	7.56E+01	,	3.02E+01	,	-4.54E+01
169.40	,	7.63E+01	,	3.14E+01	,	-4.49E+01
169.60	,	7.71E+01	,	3.27E+01	,	-4.44E+01
169.80	,	7.78E+01	,	3.39E+01	,	-4.39E+01
170.00	,	7.85E+01	,	3.50E+01	,	-4.34E+01
170.20	,	7.91E+01	,	3.62E+01	,	-4.30E+01
170.40	,	7.98E+01	,	3.73E+01	,	-4.25E+01
170.60	,	8.04E+01	,	3.84E+01	,	-4.21E+01
170.80	,	8.10E+01	,	3.94E+01	,	-4.16E+01
171.00	,	8.16E+01	,	4.04E+01	,	-4.12E+01
171.20	,	8.21E+01	,	4.14E+01	,	-4.07E+01
171.40	,	8.27E+01	,	4.23E+01	,	-4.04E+01
171.60	,	8.32E+01	,	4.32E+01	,	-4.00E+01
171.80	,	8.37E+01	,	4.41E+01	,	-3.96E+01
172.00	,	8.42E+01	,	4.49E+01	,	-3.93E+01
172.20	,	8.46E+01	,	4.57E+01	,	-3.89E+01
172.40	,	8.50E+01	,	4.65E+01	,	-3.85E+01
172.60	,	8.54E+01	,	4.72E+01	,	-3.82E+01
172.80	,	8.58E+01	,	4.79E+01	,	-3.79E+01
173.00	,	8.61E+01	,	4.85E+01	,	-3.76E+01
173.20	,	8.64E+01	,	4.91E+01	,	-3.73E+01
173.40	,	8.67E+01	,	4.97E+01	,	-3.71E+01
173.60	,	8.70E+01	,	5.02E+01	,	-3.68E+01
173.80	,	8.72E+01	,	5.06E+01	,	-3.66E+01
174.00	,	8.74E+01	,	5.10E+01	,	-3.63E+01
174.20	,	8.75E+01	,	5.14E+01	,	-3.61E+01
174.40	,	8.76E+01	,	5.17E+01	,	-3.59E+01
174.60	,	8.77E+01	,	5.19E+01	,	-3.58E+01
174.80	,	8.78E+01	,	5.21E+01	,	-3.57E+01
175.00	,	8.79E+01	,	5.23E+01	,	-3.56E+01
175.20	,	8.79E+01	,	5.24E+01	,	-3.55E+01
175.40	,	8.78E+01	,	5.24E+01	,	-3.54E+01
175.60	,	8.78E+01	,	5.24E+01	,	-3.53E+01
175.80	,	8.77E+01	,	5.24E+01	,	-3.53E+01
176.00	,	8.76E+01	,	5.23E+01	,	-3.53E+01
176.20	,	8.74E+01	,	5.22E+01	,	-3.53E+01
176.40	,	8.73E+01	,	5.20E+01	,	-3.53E+01
176.60	,	8.71E+01	,	5.17E+01	,	-3.53E+01
176.80	,	8.68E+01	,	5.14E+01	,	-3.54E+01
177.00	,	8.65E+01	,	5.11E+01	,	-3.54E+01
177.20	,	8.62E+01	,	5.07E+01	,	-3.55E+01
177.40	,	8.59E+01	,	5.03E+01	,	-3.56E+01
177.60	,	8.56E+01	,	4.98E+01	,	-3.58E+01
177.80	,	8.52E+01	,	4.93E+01	,	-3.59E+01
178.00	,	8.48E+01	,	4.87E+01	,	-3.61E+01
178.20	,	8.44E+01	,	4.80E+01	,	-3.63E+01
178.40	,	8.39E+01	,	4.73E+01	,	-3.66E+01
178.60	,	8.34E+01	,	4.66E+01	,	-3.68E+01
178.80	,	8.29E+01	,	4.58E+01	,	-3.71E+01
179.00	,	8.23E+01	,	4.50E+01	,	-3.74E+01
179.20	,	8.18E+01	,	4.41E+01	,	-3.77E+01
179.40	,	8.12E+01	,	4.31E+01	,	-3.81E+01
179.60	,	8.06E+01	,	4.22E+01	,	-3.85E+01
179.80	,	8.00E+01	,	4.12E+01	,	-3.88E+01
180.00	,	7.93E+01	,	4.01E+01	,	-3.92E+01
180.20	,	7.87E+01	,	3.90E+01	,	-3.96E+01
180.40	,	7.80E+01	,	3.79E+01	,	-4.00E+01
180.60	,	7.73E+01	,	3.68E+01	,	-4.05E+01
180.80	,	7.66E+01	,	3.56E+01	,	-4.10E+01
181.00	,	7.59E+01	,	3.44E+01	,	-4.15E+01
181.20	,	7.51E+01	,	3.32E+01	,	-4.20E+01
181.40	,	7.44E+01	,	3.19E+01	,	-4.25E+01
181.60	,	7.36E+01	,	3.06E+01	,	-4.29E+01
181.80	,	7.28E+01	,	2.93E+01	,	-4.34E+01
182.00	,	7.20E+01	,	2.80E+01	,	-4.40E+01
182.20	,	7.12E+01	,	2.67E+01	,	-4.45E+01
182.40	,	7.04E+01	,	2.53E+01	,	-4.51E+01
182.60	,	6.96E+01	,	2.40E+01	,	-4.57E+01
182.80	,	6.88E+01	,	2.26E+01	,	-4.62E+01
183.00	,	6.80E+01	,	2.12E+01	,	-4.68E+01
183.20	,	6.72E+01	,	1.99E+01	,	-4.73E+01
183.40	,	6.63E+01	,	1.85E+01	,	-4.79E+01
183.60	,	6.55E+01	,	1.71E+01	,	-4.84E+01
183.80	,	6.47E+01	,	1.57E+01	,	-4.90E+01
184.00	,	6.39E+01	,	1.44E+01	,	-4.95E+01
184.20	,	6.31E+01	,	1.30E+01	,	-5.01E+01
184.40	,	6.23E+01	,	1.17E+01	,	-5.06E+01
184.60	,	6.15E+01	,	1.04E+01	,	-5.11E+01
184.80	,	6.07E+01	,	9.03E+00	,	-5.17E+01
185.00	,	5.99E+01	,	7.71E+00	,	-5.22E+01
185.20	,	5.91E+01	,	6.41E+00	,	-5.27E+01
185.40	,	5.83E+01	,	5.12E+00	,	-5.32E+01
185.60	,	5.76E+01	,	3.84E+00	,	-5.37E+01
185.80	,	5.68E+01	,	2.58E+00	,	-5.42E+01
186.00	,	5.61E+01	,	1.33E+00	,	-5.48E+01
186.20	,	5.54E+01	,	1.01E-01	,	-5.53E+01
186.40	,	5.47E+01	,	-1.11E+00	,	-5.58E+01
186.60	,	5.40E+01	,	-2.30E+00	,	-5.63E+01
186.80	,	5.33E+01	,	-3.45E+00	,	-5.67E+01
187.00	,	5.26E+01	,	-4.58E+00	,	-5.72E+01
187.20	,	5.20E+01	,	-5.69E+00	,	-5.77E+01
187.40	,	5.14E+01	,	-6.76E+00	,	-5.82E+01
187.60	,	5.08E+01	,	-7.82E+00	,	-5.86E+01
187.80	,	5.03E+01	,	-8.83E+00	,	-5.91E+01
188.00	,	4.97E+01	,	-9.81E+00	,	-5.95E+01
188.20	,	4.91E+01	,	-1.08E+01	,	-5.99E+01
188.40	,	4.86E+01	,	-1.16E+01	,	-6.03E+01
188.60	,	4.82E+01	,	-1.25E+01	,	-6.07E+01
188.80	,	4.77E+01	,	-1.33E+01	,	-6.10E+01
189.00	,	4.73E+01	,	-1.41E+01	,	-6.14E+01
189.20	,	4.69E+01	,	-1.48E+01	,	-6.17E+01
189.40	,	4.65E+01	,	-1.55E+01	,	-6.20E+01
189.60	,	4.62E+01	,	-1.61E+01	,	-6.23E+01
189.80	,	4.59E+01	,	-1.67E+01	,	-6.26E+01
190.00	,	4.56E+01	,	-1.73E+01	,	-6.28E+01
190.20	,	4.53E+01	,	-1.78E+01	,	-6.31E+01
190.40	,	4.51E+01	,	-1.83E+01	,	-6.33E+01
190.60	,	4.49E+01	,	-1.87E+01	,	-6.35E+01
190.80	,	4.47E+01	,	-1.90E+01	,	-6.38E+01
191.00	,	4.46E+01	,	-1.93E+01	,	-6.39E+01
191.20	,	4.45E+01	,	-1.96E+01	,	-6.41E+01
191.40	,	4.44E+01	,	-1.98E+01	,	-6.42E+01
191.60	,	4.43E+01	,	-1.99E+01	,	-6.42E+01
191.80	,	4.43E+01	,	-2.01E+01	,	-6.43E+01
192.00	,	4.43E+01	,	-2.01E+01	,	-6.44E+01
192.20	,	4.44E+01	,	-2.01E+01	,	-6.45E+01
192.40	,	4.45E+01	,	-2.01E+01	,	-6.46E+01
192.60	,	4.46E+01	,	-2.00E+01	,	-6.46E+01
192.80	,	4.47E+01	,	-1.99E+01	,	-6.46E+01
193.00	,	4.48E+01	,	-1.97E+01	,	-6.45E+01
193.20	,	4.50E+01	,	-1.94E+01	,	-6.45E+01
193.40	,	4.52E+01	,	-1.92E+01	,	-6.44E+01
193.60	,	4.55E+01	,	-1.88E+01	,	-6.43E+01
193.80	,	4.58E+01	,	-1.84E+01	,	-6.42E+01
194.00	,	4.62E+01	,	-1.80E+01	,	-6.41E+01
194.20	,	4.65E+01	,	-1.75E+01	,	-6.40E+01
194.40	,	4.68E+01	,	-1.69E+01	,	-6.38E+01
194.60	,	4.72E+01	,	-1.64E+01	,	-6.36E+01
194.80	,	4.76E+01	,	-1.58E+01	,	-6.34E+01
195.00	,	4.81E+01	,	-1.51E+01	,	-6.32E+01
195.20	,	4.86E+01	,	-1.44E+01	,	-6.30E+01
195.40	,	4.91E+01	,	-1.37E+01	,	-6.27E+01
195.60	,	4.96E+01	,	-1.29E+01	,	-6.25E+01
195.80	,	5.01E+01	,	-1.21E+01	,	-6.22E+01
196.00	,	5.07E+01	,	-1.12E+01	,	-6.19E+01
196.20	,	5.13E+01	,	-1.03E+01	,	-6.16E+01
196.40	,	5.19E+01	,	-9.41E+00	,	-6.13E+01
196.60	,	5.25E+01	,	-8.44E+00	,	-6.10E+01
196.80	,	5.32E+01	,	-7.44E+00	,	-6.06E+01
197.00	,	5.38E+01	,	-6.41E+00	,	-6.03E+01
197.20	,	5.45E+01	,	-5.34E+00	,	-5.99E+01
197.40	,	5.52E+01	,	-4.25E+00	,	-5.95E+01
197.60	,	5.60E+01	,	-3.12E+00	,	-5.91E+01
197.80	,	5.67E+01	,	-1.97E+00	,	-5.87E+01
198.00	,	5.74E+01	,	-7.88E-01	,	-5.82E+01
198.20	,	5.82E+01	,	4.11E-01	,	-5.78E+01
198.40	,	5.89E+01	,	1.63E+00	,	-5.73E+01
198.60	,	5.97E+01	,	2.86E+00	,	-5.68E+01
198.80	,	6.05E+01	,	4.12E+00	,	-5.64E+01
199.00	,	6.13E+01	,	5.41E+00	,	-5.59E+01
199.20	,	6.21E+01	,	6.71E+00	,	-5.54E+01
199.40	,	6.29E+01	,	8.04E+00	,	-5.49E+01
199.60	,	6.37E+01	,	9.36E+00	,	-5.44E+01
199.80	,	6.45E+01	,	1.07E+01	,	-5.38E+01
200.00	,	6.53E+01	,	1.20E+01	,	-5.33E+01
200.20	,	6.62E+01	,	1.34E+01	,	-5.27E+01
200.40	,	6.70E+01	,	1.48E+01	,	-5.22E+01
200.60	,	6.78E+01	,	1.62E+01	,	-5.16E+01
200.80	,	6.86E+01	,	1.76E+01	,	-5.11E+01
201.00	,	6.95E+01	,	1.90E+01	,	-5.05E+01
201.20	,	7.02E+01	,	2.03E+01	,	-4.99E+01
201.40	,	7.10E+01	,	2.17E+01	,	-4.93E+01
201.60	,	7.18E+01	,	2.31E+01	,	-4.87E+01
201.80	,	7.26E+01	,	2.44E+01	,	-4.81E+01
202.00	,	7.34E+01	,	2.58E+01	,	-4.76E+01
202.20	,	7.42E+01	,	2.71E+01	,	-4.70E+01
202.40	,	7.49E+01	,	2.85E+01	,	-4.65E+01
202.60	,	7.57E+01	,	2.98E+01	,	-4.59E+01
202.80	,	7.64E+01	,	3.10E+01	,	-4.53E+01
203.00	,	7.71E+01	,	3.23E+01	,	-4.47E+01
203.20	,	7.77E+01	,	3.36E+01	,	-4.42E+01
203.40	,	7.84E+01	,	3.48E+01	,	-4.36E+01
203.60	,	7.91E+01	,	3.60E+01	,	-4.31E+01
203.80	,	7.98E+01	,	3.71E+01	,	-4.26E+01
204.00	,	8.04E+01	,	3.83E+01	,	-4.21E+01
204.20	,	8.10E+01	,	3.94E+01	,	-4.16E+01
204.40	,	8.16E+01	,	4.05E+01	,	-4.11E+01
204.60	,	8.21E+01	,	4.15E+01	,	-4.06E+01
204.80	,	8.26E+01	,	4.25E+01	,	-4.01E+01
205.00	,	8.31E+01	,	4.35E+01	,	-3.97E+01
205.20	,	8.37E+01	,	4.44E+01	,	-3.92E+01
205.40	,	8.42E+01	,	4.53E+01	,	-3.88E+01
205.60	,	8.46E+01	,	4.62E+01	,	-3.84E+01
205.80	,	8.50E+01	,	4.70E+01	,	-3.80E+01
206.00	,	8.54E+01	,	4.78E+01	,	-3.76E+01
206.20	,	8.57E+01	,	4.85E+01	,	-3.72E+01
206.40	,	8.60E+01	,	4.92E+01	,	-3.68E+01
206.60	,	8.63E+01	,	4.98E+01	,	-3.65E+01
206.80	,	8.66E+01	,	5.05E+01	,	-3.62E+01
207.00	,	8.69E+01	,	5.10E+01	,	-3.59E+01
207.20	,	8.71E+01	,	5.15E+01	,	-3.56E+01
207.40	,	8.73E+01	,	5.20E+01	,	-3.53E+01
207.60	,	8.74E+01	,	5.24E+01	,	-3.51E+01
207.80	,	8.75E+01	,	5.27E+01	,	-3.48E+01
208.00	,	8.76E+01	,	5.30E+01	,	-3.46E+01
208.20	,	8.77E+01	,	5.33E+01	,	-3.44E+01
208.40	,	8.77E+01	,	5.34E+01	,	-3.43E+01
208.60	,	8.77E+01	,	5.36E+01	,	-3.42E+01
208.80	,	8.77E+01	,	5.36E+01	,	-3.41E+01
209.00	,	8.77E+01	,	5.37E+01	,	-3.40E+01
209.20	,	8.76E+01	,	5.36E+01	,	-3.39E+01
209.40	,	8.74E+01	,	5.36E+01	,	-3.39E+01
209.60	,	8.73E+01	,	5.34E+01	,	-3.38E+01
209.80	,	8.71E+01	,	5.32E+01	,	-3.38E+01
210.00	,	8.68E+01	,	5.30E+01	,	-3.39E+01
210.20	,	8.66E+01	,	5.27E+01	,	-3.39E+01
210.40	,	8.64E+01	,	5.24E+01	,	-3.40E+01
210.60	,	8.61E+01	,	5.20E+01	,	-3.41E+01
210.80	,	8.57E+01	,	5.16E+01	,	-3.42E+01
211.00	,	8.54E+01	,	5.11E+01	,	-3.43E+01
211.20	,	8.50E+01	,	5.06E+01	,	-3.44E+01
211.40	,	8.45E+01	,	5.00E+01	,	-3.45E+01
211.60	,	8.41E+01	,	4.94E+01	,	-3.47E+01
211.80	,	8.36E+01	,	4.87E+01	,	-3.49E+01
212.00	,	8.32E+01	,	4.80E+01	,	-3.52E+01
212.20	,	8.27E+01	,	4.73E+01	,	-3.54E+01
212.40	,	8.21E+01	,	4.65E+01	,	-3.57E+01
212.60	,	8.15E+01	,	4.56E+01	,	-3.59E+01
212.80	,	8.09E+01	,	4.47E+01	,	-3.62E+01
213.00	,	8.03E+01	,	4.38E+01	,	-3.65E+01
213.20	,	7.97E+01	,	4.28E+01	,	-3.69E+01
213.40	,	7.91E+01	,	4.18E+01	,	-3.72E+01
213.60	,	7.84E+01	,	4.08E+01	,	-3.76E+01
213.80	,	7.77E+01	,	3.97E+01	,	-3.80E+01
214.00	,	7.70E+01	,	3.86E+01	,	-3.85E+01
214.20	,	7.63E+01	,	3.74E+01	,	-3.89E+01
214.40	,	7.55E+01	,	3.62E+01	,	-3.93E+01
214.60	,	7.48E+01	,	3.50E+01	,	-3.98E+01
214.80	,	7.40E+01	,	3.38E+01	,	-4.03E+01
215.00	,	7.33E+01	,	3.25E+01	,	-4.08E+01
215.20	,	7.25E+01	,	3.12E+01	,	-4.13E+01
215.40	,	7.17E+01	,	2.99E+01	,	-4.19E+01
215.60	,	7.09E+01	,	2.85E+01	,	-4.24E+01
215.80	,	7.01E+01	,	2.71E+01	,	-4.30E+01
216.00	,	6.93E+01	,	2.57E+01	,	-4.36E+01
216.20	,	6.85E+01	,	2.43E+01	,	-4.41E+01
216.40	,	6.76E+01	,	2.29E+01	,	-4.47E+01
216.60	,	6.68E+01	,	2.15E+01	,	-4.54E+01
216.80	,	6.60E+01	,	2.00E+01	,	-4.60E+01
217.00	,	6.52E+01	,	1.86E+01	,	-4.66E+01
217.20	,	6.44E+01	,	1.72E+01	,	-4.72E+01
217.40	,	6.36E+01	,	1.57E+01	,	-4.79E+01
217.60	,	6.27E+01	,	1.43E+01	,	-4.85E+01
217.80	,	6.19E+01	,	1.28E+01	,	-4.91E+01
218.00	,	6.11E+01	,	1.14E+01	,	-4.97E+01
218.20	,	6.03E+01	,	9.95E+00	,	-5.04E+01
218.40	,	5.96E+01	,	8.52E+00	,	-5.10E+01
218.60	,	5.88E+01	,	7.10E+00	,	-5.17E+01
218.80	,	5.80E+01	,	5.69E+00	,	-5.23E+01
219.00	,	5.72E+01	,	4.30E+00	,	-5.29E+01
219.20	,	5.65E+01	,	2.94E+00	,	-5.36E+01
219.40	,	5.58E+01	,	1.60E+00	,	-5.42E+01
219.60	,	5.50E+01	,	2.90E-01	,	-5.48E+01
219.80	,	5.43E+01	,	-9.99E-01	,	-5.53E+01
220.00	,	5.37E+01	,	-2.27E+00	,	-5.59E+01
220.20	,	5.30E+01	,	-3.51E+00	,	-5.65E+01
220.40	,	5.23E+01	,	-4.71E+00	,	-5.71E+01
220.60	,	5.17E+01	,	-5.88E+00	,	-5.76E+01
220.80	,	5.11E+01	,	-7.02E+00	,	-5.81E+01
221.00	,	5.05E+01	,	-8.12E+00	,	-5.86E+01
221.20	,	4.99E+01	,	-9.18E+00	,	-5.91E+01
221.40	,	4.94E+01	,	-1.02E+01	,	-5.96E+01
221.60	,	4.89E+01	,	-1.12E+01	,	-6.01E+01
221.80	,	4.84E+01	,	-1.22E+01	,	-6.05E+01
222.00	,	4.79E+01	,	-1.31E+01	,	-6.10E+01
222.20	,	4.75E+01	,	-1.39E+01	,	-6.14E+01
222.40	,	4.71E+01	,	-1.47E+01	,	-6.18E+01
222.60	,	4.67E+01	,	-1.55E+01	,	-6.21E+01
222.80	,	4.63E+01	,	-1.62E+01	,	-6.25E+01
223.00	,	4.59E+01	,	-1.69E+01	,	-6.28E+01
223.20	,	4.56E+01	,	-1.75E+01	,	-6.31E+01
223.40	,	4.53E+01	,	-1.81E+01	,	-6.34E+01
223.60	,	4.51E+01	,	-1.86E+01	,	-6.37E+01
223.80	,	4.49E+01	,	-1.90E+01	,	-6.39E+01
224.00	,	4.47E+01	,	-1.95E+01	,	-6.42E+01
224.20	,	4.45E+01	,	-1.99E+01	,	-6.44E+01
224.40	,	4.44E+01	,	-2.02E+01	,	-6.46E+01
224.60	,	4.43E+01	,	-2.05E+01	,	-6.47E+01
224.80	,	4.42E+01	,	-2.07E+01	,	-6.49E+01
225.00	,	4.42E+01	,	-2.09E+01	,	-6.51E+01
225.20	,	4.42E+01	,	-2.10E+01	,	-6.52E+01
225.40	,	4.42E+01	,	-2.11E+01	,	-6.53E+01
225.60	,	4.42E+01	,	-2.12E+01	,	-6.54E+01
225.80	,	4.43E+01	,	-2.12E+01	,	-6.55E+01
226.00	,	4.44E+01	,	-2.11E+01	,	-6.55E+01
226.20	,	4.45E+01	,	-2.09E+01	,	-6.55E+01
226.40	,	4.47E+01	,	-2.08E+01	,	-6.55E+01
226.60	,	4.49E+01	,	-2.06E+01	,	-6.55E+01
226.80	,	4.52E+01	,	-2.03E+01	,	-6.55E+01
227.00	,	4.54E+01	,	-2.00E+01	,	-6.54E+01
227.20	,	4.57E+01	,	-1.96E+01	,	-6.53E+01
227.40	,	4.61E+01	,	-1.92E+01	,	-6.52E+01
227.60	,	4.64E+01	,	-1.87E+01	,	-6.51E+01
227.80	,	4.68E+01	,	-1.82E+01	,	-6.49E+01
228.00	,	4.71E+01	,	-1.76E+01	,	-6.48E+01
228.20	,	4.76E+01	,	-1.70E+01	,	-6.46E+01
228.40	,	4.80E+01	,	-1.64E+01	,	-6.44E+01
228.60	,	4.85E+01	,	-1.57E+01	,	-6.42E+01
228.80	,	4.90E+01	,	-1.49E+01	,	-6.39E+01
229.00	,	4.96E+01	,	-1.41E+01	,	-6.37E+01
229.20	,	5.01E+01	,	-1.33E+01	,	-6.34E+01
229.40	,	5.07E+01	,	-1.24E+01	,	-6.30E+01
229.60	,	5.12E+01	,	-1.15E+01	,	-6.27E+01
229.80	,	5.19E+01	,	-1.05E+01	,	-6.24E+01
230.00	,	5.25E+01	,	-9.50E+00	,	-6.20E+01
230.20	,	5.32E+01	,	-8.45E+00	,	-6.16E+01
230.40	,	5.39E+01	,	-7.36E+00	,	-6.12E+01
230.60	,	5.46E+01	,	-6.24E+00	,	-6.08E+01
230.80	,	5.52E+01	,	-5.10E+00	,	-6.03E+01
231.00	,	5.59E+01	,	-3.93E+00	,	-5.99E+01
231.20	,	5.67E+01	,	-2.74E+00	,	-5.94E+01
231.40	,	5.74E+01	,	-1.51E+00	,	-5.89E+01
231.60	,	5.82E+01	,	-2.44E-01	,	-5.84E+01
231.80	,	5.90E+01	,	1.05E+00	,	-5.79E+01
232.00	,	5.98E+01	,	2.36E+00	,	-5.74E+01
232.20	,	6.05E+01	,	3.69E+00	,	-5.69E+01
232.40	,	6.13E+01	,	5.04E+00	,	-5.63E+01
232.60	,	6.21E+01	,	6.40E+00	,	-5.57E+01
232.80	,	6.29E+01	,	7.79E+00	,	-5.52E+01
233.00	,	6.38E+01	,	9.20E+00	,	-5.46E+01
233.20	,	6.46E+01	,	1.06E+01	,	-5.40E+01
233.40	,	6.54E+01	,	1.20E+01	,	-5.34E+01
233.60	,	6.62E+01	,	1.35E+01	,	-5.27E+01
233.80	,	6.70E+01	,	1.49E+01	,	-5.21E+01
234.00	,	6.78E+01	,	1.63E+01	,	-5.15E+01
234.20	,	6.87E+01	,	1.78E+01	,	-5.09E+01
234.40	,	6.95E+01	,	1.92E+01	,	-5.02E+01
234.60	,	7.03E+01	,	2.07E+01	,	-4.96E+01
234.80	,	7.11E+01	,	2.21E+01	,	-4.89E+01
235.00	,	7.18E+01	,	2.36E+01	,	-4.83E+01
235.20	,	7.26E+01	,	2.50E+01	,	-4.76E+01
235.40	,	7.34E+01	,	2.64E+01	,	-4.70E+01
235.60	,	7.42E+01	,	2.78E+01	,	-4.63E+01
235.80	,	7.49E+01	,	2.92E+01	,	-4.57E+01
236.00	,	7.57E+01	,	3.06E+01	,	-4.51E+01
236.20	,	7.64E+01	,	3.19E+01	,	-4.44E+01
236.40	,	7.71E+01	,	3.33E+01	,	-4.38E+01
236.60	,	7.78E+01	,	3.46E+01	,	-4.32E+01
236.80	,	7.85E+01	,	3.59E+01	,	-4.26E+01
237.00	,	7.91E+01	,	3.71E+01	,	-4.20E+01
237.20	,	7.98E+01	,	3.83E+01	,	-4.14E+01
237.40	,	8.04E+01	,	3.95E+01	,	-4.08E+01
237.60	,	8.10E+01	,	4.07E+01	,	-4.03E+01
237.80	,	8.15E+01	,	4.18E+01	,	-3.97E+01
238.00	,	8.21E+01	,	4.29E+01	,	-3.92E+01
238.20	,	8.26E+01	,	4.40E+01	,	-3.87E+01
238.40	,	8.31E+01	,	4.50E+01	,	-3.82E+01
238.60	,	8.36E+01	,	4.60E+01	,	-3.77E+01
238.80	,	8.41E+01	,	4.69E+01	,	-3.72E+01
239.00	,	8.45E+01	,	4.78E+01	,	-3.68E+01
239.20	,	8.49E+01	,	4.86E+01	,	-3.63E+01
239.40	,	8.53E+01	,	4.94E+01	,	-3.59E+01
239.60	,	8.56E+01	,	5.02E+01	,	-3.55E+01
239.80	,	8.60E+01	,	5.09E+01	,	-3.51E+01
240.00	,	8.63E+01	,	5.15E+01	,	-3.48E+01
240.20	,	8.65E+01	,	5.21E+01	,	-3.44E+01
240.40	,	8.68E+01	,	5.26E+01	,	-3.41E+01
240.60	,	8.70E+01	,	5.31E+01	,	-3.39E+01
240.80	,	8.72E+01	,	5.36E+01	,	-3.36E+01
241.00	,	8.73E+01	,	5.40E+01	,	-3.33E+01
241.20	,	8.74E+01	,	5.43E+01	,	-3.31E+01
241.40	,	8.75E+01	,	5.46E+01	,	-3.29E+01
241.60	,	8.75E+01	,	5.48E+01	,	-3.28E+01
241.80	,	8.76E+01	,	5.49E+01	,	-3.26E+01
242.00	,	8.76E+01	,	5.50E+01	,	-3.25E+01
242.20	,	8.75E+01	,	5.51E+01	,	-3.25E+01
242.40	,	8.75E+01	,	5.51E+01	,	-3.24E+01
242.60	,	8.73E+01	,	5.50E+01	,	-3.23E+01
242.80	,	8.72E+01	,	5.49E+01	,	-3.23E+01
243.00	,	8.70E+01	,	5.47E+01	,	-3.24E+01
243.20	,	8.69E+01	,	5.44E+01	,	-3.24E+01
243.40	,	8.67E+01	,	5.41E+01	,	-3.25E+01
243.60	,	8.64E+01	,	5.38E+01	,	-3.26E+01
243.80	,	8.61E+01	,	5.34E+01	,	-3.27E+01
244.00	,	8.58E+01	,	5.29E+01	,	-3.29E+01
244.20	,	8.54E+01	,	5.24E+01	,	-3.30E+01
244.40	,	8.51E+01	,	5.18E+01	,	-3.32E+01
244.60	,	8.47E+01	,	5.12E+01	,	-3.35E+01
244.80	,	8.43E+01	,	5.06E+01	,	-3.37E+01
245.00	,	8.38E+01	,	4.99E+01	,	-3.40E+01
245.20	,	8.34E+01	,	4.91E+01	,	-3.42E+01
245.40	,	8.29E+01	,	4.83E+01	,	-3.45E+01
245.60	,	8.23E+01	,	4.75E+01	,	-3.49E+01
245.80	,	8.18E+01	,	4.66E+01	,	-3.52E+01
246.00	,	8.12E+01	,	4.57E+01	,	-3.55E+01
246.20	,	8.06E+01	,	4.47E+01	,	-3.59E+01
246.40	,	8.00E+01	,	4.37E+01	,	-3.63E+01
246.60	,	7.94E+01	,	4.26E+01	,	-3.67E+01
246.80	,	7.87E+01	,	4.16E+01	,	-3.72E+01
247.00	,	7.81E+01	,	4.04E+01	,	-3.76E+01
247.20	,	7.74E+01	,	3.93E+01	,	-3.81E+01
247.40	,	7.67E+01	,	3.81E+01	,	-3.86E+01
247.60	,	7.59E+01	,	3.69E+01	,	-3.91E+01
247.80	,	7.52E+01	,	3.56E+01	,	-3.96E+01
248.00	,	7.45E+01	,	3.43E+01	,	-4.01E+01
248.20	,	7.37E+01	,	3.30E+01	,	-4.07E+01
248.40	,	7.29E+01	,	3.17E+01	,	-4.12E+01
248.60	,	7.21E+01	,	3.03E+01	,	-4.18E+01
248.80	,	7.13E+01	,	2.90E+01	,	-4.24E+01
249.00	,	7.05E+01	,	2.76E+01	,	-4.30E+01
249.20	,	6.97E+01	,	2.61E+01	,	-4.36E+01
249.40	,	6.89E+01	,	2.47E+01	,	-4.42E+01
249.60	,	6.81E+01	,	2.33E+01	,	-4.49E+01
249.80	,	6.73E+01	,	2.18E+01	,	-4.55E+01
250.00	,	6.65E+01	,	2.04E+01	,	-4.61E+01
250.20	,	6.57E+01	,	1.89E+01	,	-4.68E+01
250.40	,	6.48E+01	,	1.74E+01	,	-4.74E+01
250.60	,	6.40E+01	,	1.60E+01	,	-4.80E+01
250.80	,	6.32E+01	,	1.45E+01	,	-4.87E+01
251.00	,	6.24E+01	,	1.31E+01	,	-4.93E+01
251.20	,	6.16E+01	,	1.16E+01	,	-5.00E+01
251.40	,	6.08E+01	,	1.02E+01	,	-5.06E+01
251.60	,	6.00E+01	,	8.80E+00	,	-5.12E+01
251.80	,	5.92E+01	,	7.40E+00	,	-5.18E+01
252.00	,	5.84E+01	,	6.01E+00	,	-5.24E+01
252.20	,	5.77E+01	,	4.63E+00	,	-5.30E+01
252.40	,	5.69E+01	,	3.28E+00	,	-5.36E+01
252.60	,	5.62E+01	,	1.95E+00	,	-5.42E+01
252.80	,	5.54E+01	,	6.57E-01	,	-5.48E+01
253.00	,	5.47E+01	,	-6.21E-01	,	-5.53E+01
253.20	,	5.40E+01	,	-1.88E+00	,	-5.59E+01
253.40	,	5.33E+01	,	-3.12E+00	,	-5.64E+01
253.60	,	5.27E+01	,	-4.33E+00	,	-5.70E+01
253.80	,	5.20E+01	,	-5.50E+00	,	-5.75E+01
254.00	,	5.14E+01	,	-6.63E+00	,	-5.80E+01
254.20	,	5.08E+01	,	-7.72E+00	,	-5.85E+01
254.40	,	5.02E+01	,	-8.78E+00	,	-5.90E+01
254.60	,	4.96E+01	,	-9.80E+00	,	-5.94E+01
254.80	,	4.91E+01	,	-1.08E+01	,	-5.99E+01
255.00	,	4.86E+01	,	-1.18E+01	,	-6.03E+01
255.20	,	4.81E+01	,	-1.27E+01	,	-6.08E+01
255.40	,	4.76E+01	,	-1.35E+01	,	-6.12E+01
255.60	,	4.72E+01	,	-1.44E+01	,	-6.15E+01
255.80	,	4.68E+01	,	-1.51E+01	,	-6.19E+01
256.00	,	4.64E+01	,	-1.59E+01	,	-6.23E+01
256.20	,	4.60E+01	,	-1.66E+01	,	-6.26E+01
256.40	,	4.57E+01	,	-1.72E+01	,	-6.29E+01
256.60	,	4.54E+01	,	-1.78E+01	,	-6.32E+01
256.80	,	4.51E+01	,	-1.84E+01	,	-6.35E+01
257.00	,	4.49E+01	,	-1.89E+01	,	-6.38E+01
257.20	,	4.47E+01	,	-1.94E+01	,	-6.40E+01
257.40	,	4.45E+01	,	-1.98E+01	,	-6.43E+01
257.60	,	4.43E+01	,	-2.01E+01	,	-6.45E+01
257.80	,	4.42E+01	,	-2.05E+01	,	-6.46E+01
258.00	,	4.41E+01	,	-2.07E+01	,	-6.48E+01
258.20	,	4.40E+01	,	-2.09E+01	,	-6.49E+01
258.40	,	4.40E+01	,	-2.11E+01	,	-6.50E+01
258.60	,	4.40E+01	,	-2.12E+01	,	-6.52E+01
258.80	,	4.40E+01	,	-2.12E+01	,	-6.53E+01
259.00	,	4.41E+01	,	-2.12E+01	,	-6.53E+01
259.20	,	4.42E+01	,	-2.12E+01	,	-6.53E+01
259.40	,	4.43E+01	,	-2.11E+01	,	-6.53E+01
259.60	,	4.44E+01	,	-2.09E+01	,	-6.53E+01
259.80	,	4.46E+01	,	-2.07E+01	,	-6.53E+01
260.00	,	4.48E+01	,	-2.05E+01	,	-6.52E+01
260.20	,	4.50E+01	,	-2.02E+01	,	-6.52E+01
260.40	,	4.53E+01	,	-1.98E+01	,	-6.51E+01
260.60	,	4.56E+01	,	-1.94E+01	,	-6.50E+01
260.80	,	4.59E+01	,	-1.89E+01	,	-6.49E+01
261.00	,	4.63E+01	,	-1.84E+01	,	-6.47E+01
261.20	,	4.66E+01	,	-1.79E+01	,	-6.45E+01
261.40	,	4.70E+01	,	-1.73E+01	,	-6.44E+01
261.60	,	4.75E+01	,	-1.67E+01	,	-6.42E+01
261.80	,	4.79E+01	,	-1.60E+01	,	-6.40E+01
262.00	,	4.85E+01	,	-1.53E+01	,	-6.37E+01
262.20	,	4.90E+01	,	-1.45E+01	,	-6.35E+01
262.40	,	4.95E+01	,	-1.37E+01	,	-6.32E+01
262.60	,	5.00E+01	,	-1.29E+01	,	-6.29E+01
262.80	,	5.06E+01	,	-1.20E+01	,	-6.26E+01
263.00	,	5.12E+01	,	-1.10E+01	,	-6.22E+01
263.20	,	5.18E+01	,	-1.01E+01	,	-6.19E+01
263.40	,	5.25E+01	,	-9.03E+00	,	-6.15E+01
263.60	,	5.31E+01	,	-7.97E+00	,	-6.11E+01
263.80	,	5.38E+01	,	-6.88E+00	,	-6.07E+01
264.00	,	5.45E+01	,	-5.75E+00	,	-6.03E+01
264.20	,	5.52E+01	,	-4.59E+00	,	-5.98E+01
264.40	,	5.59E+01	,	-3.40E+00	,	-5.93E+01
264.60	,	5.66E+01	,	-2.18E+00	,	-5.88E+01
264.80	,	5.74E+01	,	-9.34E-01	,	-5.83E+01
265.00	,	5.82E+01	,	3.42E-01	,	-5.78E+01
265.20	,	5.90E+01	,	1.64E+00	,	-5.73E+01
265.40	,	5.98E+01	,	2.97E+00	,	-5.68E+01
265.60	,	6.06E+01	,	4.32E+00	,	-5.62E+01
265.80	,	6.13E+01	,	5.70E+00	,	-5.56E+01
266.00	,	6.21E+01	,	7.09E+00	,	-5.50E+01
266.20	,	6.29E+01	,	8.49E+00	,	-5.44E+01
266.40	,	6.37E+01	,	9.91E+00	,	-5.38E+01
266.60	,	6.46E+01	,	1.13E+01	,	-5.32E+01
266.80	,	6.54E+01	,	1.28E+01	,	-5.26E+01
267.00	,	6.62E+01	,	1.42E+01	,	-5.20E+01
267.20	,	6.70E+01	,	1.57E+01	,	-5.14E+01
267.40	,	6.79E+01	,	1.72E+01	,	-5.07E+01
267.60	,	6.87E+01	,	1.86E+01	,	-5.00E+01
267.80	,	6.94E+01	,	2.01E+01	,	-4.94E+01
268.00	,	7.02E+01	,	2.16E+01	,	-4.87E+01
268.20	,	7.10E+01	,	2.30E+01	,	-4.80E+01
268.40	,	7.19E+01	,	2.45E+01	,	-4.74E+01
268.60	,	7.26E+01	,	2.59E+01	,	-4.68E+01
268.80	,	7.34E+01	,	2.73E+01	,	-4.61E+01
269.00	,	7.42E+01	,	2.87E+01	,	-4.55E+01
269.20	,	7.49E+01	,	3.01E+01	,	-4.48E+01
269.40	,	7.56E+01	,	3.15E+01	,	-4.42E+01
269.60	,	7.64E+01	,	3.28E+01	,	-4.35E+01
269.80	,	7.71E+01	,	3.41E+01	,	-4.29E+01
270.00	,	7.78E+01	,	3.54E+01	,	-4.23E+01
270.20	,	7.84E+01	,	3.67E+01	,	-4.17E+01
270.40	,	7.91E+01	,	3.80E+01	,	-4.11E+01
270.60	,	7.97E+01	,	3.92E+01	,	-4.05E+01
270.80	,	8.03E+01	,	4.04E+01	,	-4.00E+01
271.00	,	8.09E+01	,	4.15E+01	,	-3.94E+01
271.20	,	8.15E+01	,	4.26E+01	,	-3.89E+01
271.40	,	8.21E+01	,	4.37E+01	,	-3.84E+01
271.60	,	8.26E+01	,	4.47E+01	,	-3.79E+01
271.80	,	8.31E+01	,	4.57E+01	,	-3.74E+01
272.00	,	8.36E+01	,	4.67E+01	,	-3.70E+01
272.20	,	8.40E+01	,	4.75E+01	,	-3.65E+01
272.40	,	8.45E+01	,	4.84E+01	,	-3.60E+01
272.60	,	8.48E+01	,	4.92E+01	,	-3.56E+01
272.80	,	8.52E+01	,	5.00E+01	,	-3.52E+01
273.00	,	8.56E+01	,	5.07E+01	,	-3.49E+01
273.20	,	8.59E+01	,	5.14E+01	,	-3.45E+01
273.40	,	8.62E+01	,	5.20E+01	,	-3.42E+01
273.60	,	8.65E+01	,	5.25E+01	,	-3.39E+01
273.80	,	8.67E+01	,	5.31E+01	,	-3.36E+01
274.00	,	8.69E+01	,	5.35E+01	,	-3.34E+01
274.20	,	8.70E+01	,	5.39E+01	,	-3.31E+01
274.40	,	8.72E+01	,	5.42E+01	,	-3.29E+01
274.60	,	8.73E+01	,	5.45E+01	,	-3.28E+01
274.80	,	8.74E+01	,	5.48E+01	,	-3.26E+01
275.00	,	8.75E+01	,	5.49E+01	,	-3.25E+01
275.20	,	8.75E+01	,	5.50E+01	,	-3.24E+01
275.40	,	8.74E+01	,	5.51E+01	,	-3.24E+01
275.60	,	8.74E+01	,	5.51E+01	,	-3.23E+01
275.80	,	8.73E+01	,	5.50E+01	,	-3.23E+01
276.00	,	8.72E+01	,	5.49E+01	,	-3.23E+01
276.20	,	8.71E+01	,	5.48E+01	,	-3.23E+01
276.40	,	8.69E+01	,	5.45E+01	,	-3.24E+01
276.60	,	8.67E+01	,	5.43E+01	,	-3.25E+01
276.80	,	8.65E+01	,	5.39E+01	,	-3.26E+01
277.00	,	8.62E+01	,	5.35E+01	,	-3.27E+01
277.20	,	8.59E+01	,	5.31E+01	,	-3.28E+01
277.40	,	8.56E+01	,	5.26E+01	,	-3.30E+01
277.60	,	8.53E+01	,	5.20E+01	,	-3.32E+01
277.80	,	8.49E+01	,	5.14E+01	,	-3.35E+01
278.00	,	8.45E+01	,	5.08E+01	,	-3.37E+01
278.20	,	8.41E+01	,	5.01E+01	,	-3.40E+01
278.40	,	8.37E+01	,	4.93E+01	,	-3.43E+01
278.60	,	8.32E+01	,	4.85E+01	,	-3.46E+01
278.80	,	8.26E+01	,	4.77E+01	,	-3.50E+01
279.00	,	8.21E+01	,	4.68E+01	,	-3.53E+01
279.20	,	8.16E+01	,	4.59E+01	,	-3.57E+01
279.40	,	8.10E+01	,	4.49E+01	,	-3.61E+01
279.60	,	8.04E+01	,	4.39E+01	,	-3.65E+01
279.80	,	7.98E+01	,	4.29E+01	,	-3.70E+01
280.00	,	7.92E+01	,	4.18E+01	,	-3.74E+01
280.20	,	7.85E+01	,	4.07E+01	,	-3.78E+01
280.40	,	7.78E+01	,	3.96E+01	,	-3.82E+01
280.60	,	7.71E+01	,	3.84E+01	,	-3.87E+01
280.80	,	7.64E+01	,	3.72E+01	,	-3.92E+01
281.00	,	7.57E+01	,	3.60E+01	,	-3.97E+01
281.20	,	7.50E+01	,	3.48E+01	,	-4.02E+01
281.40	,	7.43E+01	,	3.35E+01	,	-4.08E+01
281.60	,	7.35E+01	,	3.22E+01	,	-4.13E+01
281.80	,	7.27E+01	,	3.09E+01	,	-4.18E+01
282.00	,	7.19E+01	,	2.96E+01	,	-4.23E+01
282.20	,	7.11E+01	,	2.83E+01	,	-4.28E+01
282.40	,	7.03E+01	,	2.69E+01	,	-4.33E+01
282.60	,	6.95E+01	,	2.56E+01	,	-4.39E+01
282.80	,	6.87E+01	,	2.42E+01	,	-4.45E+01
283.00	,	6.79E+01	,	2.29E+01	,	-4.51E+01
283.20	,	6.71E+01	,	2.15E+01	,	-4.56E+01
283.40	,	6.63E+01	,	2.01E+01	,	-4.62E+01
283.60	,	6.54E+01	,	1.87E+01	,	-4.67E+01
283.80	,	6.46E+01	,	1.73E+01	,	-4.73E+01
284.00	,	6.37E+01	,	1.59E+01	,	-4.79E+01
284.20	,	6.30E+01	,	1.45E+01	,	-4.85E+01
284.40	,	6.22E+01	,	1.31E+01	,	-4.91E+01
284.60	,	6.14E+01	,	1.17E+01	,	-4.97E+01
284.80	,	6.06E+01	,	1.03E+01	,	-5.03E+01
285.00	,	5.98E+01	,	8.89E+00	,	-5.09E+01
285.20	,	5.90E+01	,	7.50E+00	,	-5.14E+01
285.40	,	5.82E+01	,	6.13E+00	,	-5.20E+01
285.60	,	5.74E+01	,	4.79E+00	,	-5.26E+01
285.80	,	5.67E+01	,	3.46E+00	,	-5.32E+01
286.00	,	5.60E+01	,	2.14E+00	,	-5.38E+01
286.20	,	5.53E+01	,	8.35E-01	,	-5.44E+01
286.40	,	5.45E+01	,	-4.52E-01	,	-5.50E+01
286.60	,	5.38E+01	,	-1.72E+00	,	-5.55E+01
286.80	,	5.31E+01	,	-2.95E+00	,	-5.61E+01
287.00	,	5.24E+01	,	-4.15E+00	,	-5.66E+01
287.20	,	5.18E+01	,	-5.32E+00	,	-5.71E+01
287.40	,	5.12E+01	,	-6.46E+00	,	-5.76E+01
287.60	,	5.06E+01	,	-7.57E+00	,	-5.82E+01
287.80	,	5.01E+01	,	-8.64E+00	,	-5.87E+01
288.00	,	4.95E+01	,	-9.67E+00	,	-5.92E+01
288.20	,	4.89E+01	,	-1.07E+01	,	-5.96E+01
288.40	,	4.84E+01	,	-1.16E+01	,	-6.00E+01
288.60	,	4.79E+01	,	-1.25E+01	,	-6.04E+01
288.80	,	4.74E+01	,	-1.34E+01	,	-6.08E+01
289.00	,	4.70E+01	,	-1.42E+01	,	-6.12E+01
289.20	,	4.66E+01	,	-1.50E+01	,	-6.16E+01
289.40	,	4.63E+01	,	-1.57E+01	,	-6.20E+01
289.60	,	4.59E+01	,	-1.64E+01	,	-6.23E+01
289.80	,	4.56E+01	,	-1.70E+01	,	-6.26E+01
290.00	,	4.52E+01	,	-1.76E+01	,	-6.28E+01
290.20	,	4.50E+01	,	-1.81E+01	,	-6.31E+01
290.40	,	4.47E+01	,	-1.86E+01	,	-6.33E+01
290.60	,	4.45E+01	,	-1.90E+01	,	-6.35E+01
290.80	,	4.44E+01	,	-1.94E+01	,	-6.37E+01
291.00	,	4.42E+01	,	-1.97E+01	,	-6.39E+01
291.20	,	4.41E+01	,	-2.00E+01	,	-6.41E+01
291.40	,	4.40E+01	,	-2.02E+01	,	-6.42E+01
291.60	,	4.39E+01	,	-2.04E+01	,	-6.43E+01
291.80	,	4.39E+01	,	-2.05E+01	,	-6.43E+01
292.00	,	4.39E+01	,	-2.05E+01	,	-6.44E+01
292.20	,	4.39E+01	,	-2.05E+01	,	-6.45E+01
292.40	,	4.40E+01	,	-2.05E+01	,	-6.45E+01
292.60	,	4.41E+01	,	-2.04E+01	,	-6.45E+01
292.80	,	4.42E+01	,	-2.02E+01	,	-6.45E+01
293.00	,	4.44E+01	,	-2.00E+01	,	-6.44E+01
293.20	,	4.45E+01	,	-1.98E+01	,	-6.43E+01
293.40	,	4.47E+01	,	-1.95E+01	,	-6.42E+01
293.60	,	4.50E+01	,	-1.91E+01	,	-6.41E+01
293.80	,	4.53E+01	,	-1.87E+01	,	-6.40E+01
294.00	,	4.56E+01	,	-1.83E+01	,	-6.39E+01
294.20	,	4.59E+01	,	-1.78E+01	,	-6.37E+01
294.40	,	4.63E+01	,	-1.73E+01	,	-6.36E+01
294.60	,	4.67E+01	,	-1.67E+01	,	-6.34E+01
294.80	,	4.71E+01	,	-1.61E+01	,	-6.31E+01
295.00	,	4.75E+01	,	-1.54E+01	,	-6.29E+01
295.20	,	4.80E+01	,	-1.47E+01	,	-6.26E+01
295.40	,	4.85E+01	,	-1.39E+01	,	-6.24E+01
295.60	,	4.90E+01	,	-1.31E+01	,	-6.21E+01
295.80	,	4.95E+01	,	-1.23E+01	,	-6.18E+01
296.00	,	5.01E+01	,	-1.14E+01	,	-6.15E+01
296.20	,	5.07E+01	,	-1.05E+01	,	-6.12E+01
296.40	,	5.13E+01	,	-9.51E+00	,	-6.08E+01
296.60	,	5.19E+01	,	-8.50E+00	,	-6.04E+01
296.80	,	5.25E+01	,	-7.46E+00	,	-6.00E+01
297.00	,	5.32E+01	,	-6.39E+00	,	-5.96E+01
297.20	,	5.39E+01	,	-5.29E+00	,	-5.92E+01
297.40	,	5.46E+01	,	-4.14E+00	,	-5.87E+01
297.60	,	5.53E+01	,	-2.95E+00	,	-5.83E+01
297.80	,	5.60E+01	,	-1.74E+00	,	-5.78E+01
298.00	,	5.68E+01	,	-5.03E-01	,	-5.73E+01
298.20	,	5.75E+01	,	7.50E-01	,	-5.67E+01
298.40	,	5.82E+01	,	2.02E+00	,	-5.62E+01
298.60	,	5.90E+01	,	3.32E+00	,	-5.57E+01
298.80	,	5.98E+01	,	4.64E+00	,	-5.52E+01
299.00	,	6.06E+01	,	5.99E+00	,	-5.47E+01
299.20	,	6.15E+01	,	7.34E+00	,	-5.41E+01
299.40	,	6.23E+01	,	8.70E+00	,	-5.35E+01
299.60	,	6.30E+01	,	1.01E+01	,	-5.30E+01
299.80	,	6.38E+01	,	1.15E+01	,	-5.24E+01
300.00	,	6.46E+01	,	1.29E+01	,	-5.18E+01
