Time (fs)	,	E-field (MV/cm)
0.00	,	1.88E-02
0.20	,	3.76E-02
0.40	,	5.64E-02
0.60	,	7.51E-02
0.80	,	9.36E-02
1.00	,	1.12E-01
1.20	,	1.30E-01
1.40	,	1.48E-01
1.60	,	1.66E-01
1.80	,	1.84E-01
2.00	,	2.01E-01
2.20	,	2.18E-01
2.40	,	2.35E-01
2.60	,	2.52E-01
2.80	,	2.68E-01
3.00	,	2.83E-01
3.20	,	2.99E-01
3.40	,	3.14E-01
3.60	,	3.28E-01
3.80	,	3.42E-01
4.00	,	3.56E-01
4.20	,	3.69E-01
4.40	,	3.81E-01
4.60	,	3.93E-01
4.80	,	4.04E-01
5.00	,	4.15E-01
5.20	,	4.25E-01
5.40	,	4.35E-01
5.60	,	4.44E-01
5.80	,	4.52E-01
6.00	,	4.60E-01
6.20	,	4.67E-01
6.40	,	4.73E-01
6.60	,	4.79E-01
6.80	,	4.84E-01
7.00	,	4.89E-01
7.20	,	4.92E-01
7.40	,	4.95E-01
7.60	,	4.97E-01
7.80	,	4.99E-01
8.00	,	5.00E-01
8.20	,	5.00E-01
8.40	,	4.99E-01
8.60	,	4.98E-01
8.80	,	4.96E-01
9.00	,	4.93E-01
9.20	,	4.90E-01
9.40	,	4.86E-01
9.60	,	4.81E-01
9.80	,	4.76E-01
10.00	,	4.70E-01
10.20	,	4.63E-01
10.40	,	4.55E-01
10.60	,	4.47E-01
10.80	,	4.38E-01
11.00	,	4.29E-01
11.20	,	4.19E-01
11.40	,	4.09E-01
11.60	,	3.97E-01
11.80	,	3.86E-01
12.00	,	3.73E-01
12.20	,	3.61E-01
12.40	,	3.47E-01
12.60	,	3.34E-01
12.80	,	3.19E-01
13.00	,	3.05E-01
13.20	,	2.89E-01
13.40	,	2.74E-01
13.60	,	2.58E-01
13.80	,	2.42E-01
14.00	,	2.25E-01
14.20	,	2.08E-01
14.40	,	1.91E-01
14.60	,	1.73E-01
14.80	,	1.55E-01
15.00	,	1.37E-01
15.20	,	1.19E-01
15.40	,	1.01E-01
15.60	,	8.23E-02
15.80	,	6.37E-02
16.00	,	4.50E-02
16.20	,	2.62E-02
16.40	,	7.37E-03
16.60	,	-1.15E-02
16.80	,	-3.03E-02
17.00	,	-4.91E-02
17.20	,	-6.78E-02
17.40	,	-8.64E-02
17.60	,	-1.05E-01
17.80	,	-1.23E-01
18.00	,	-1.41E-01
18.20	,	-1.59E-01
18.40	,	-1.77E-01
18.60	,	-1.95E-01
18.80	,	-2.12E-01
19.00	,	-2.29E-01
19.20	,	-2.45E-01
19.40	,	-2.61E-01
19.60	,	-2.77E-01
19.80	,	-2.93E-01
20.00	,	-3.08E-01
20.20	,	-3.23E-01
20.40	,	-3.37E-01
20.60	,	-3.50E-01
20.80	,	-3.64E-01
21.00	,	-3.76E-01
21.20	,	-3.88E-01
21.40	,	-4.00E-01
21.60	,	-4.11E-01
21.80	,	-4.21E-01
22.00	,	-4.31E-01
22.20	,	-4.40E-01
22.40	,	-4.49E-01
22.60	,	-4.57E-01
22.80	,	-4.64E-01
23.00	,	-4.71E-01
23.20	,	-4.77E-01
23.40	,	-4.82E-01
23.60	,	-4.87E-01
23.80	,	-4.91E-01
24.00	,	-4.94E-01
24.20	,	-4.97E-01
24.40	,	-4.98E-01
24.60	,	-5.00E-01
24.80	,	-5.00E-01
25.00	,	-5.00E-01
25.20	,	-4.99E-01
25.40	,	-4.97E-01
25.60	,	-4.95E-01
25.80	,	-4.91E-01
26.00	,	-4.88E-01
26.20	,	-4.83E-01
26.40	,	-4.78E-01
26.60	,	-4.72E-01
26.80	,	-4.66E-01
27.00	,	-4.58E-01
27.20	,	-4.50E-01
27.40	,	-4.42E-01
27.60	,	-4.33E-01
27.80	,	-4.23E-01
28.00	,	-4.13E-01
28.20	,	-4.02E-01
28.40	,	-3.90E-01
28.60	,	-3.78E-01
28.80	,	-3.66E-01
29.00	,	-3.53E-01
29.20	,	-3.39E-01
29.40	,	-3.25E-01
29.60	,	-3.10E-01
29.80	,	-2.95E-01
30.00	,	-2.80E-01
30.20	,	-2.64E-01
30.40	,	-2.48E-01
30.60	,	-2.32E-01
30.80	,	-2.15E-01
31.00	,	-1.98E-01
31.20	,	-1.80E-01
31.40	,	-1.62E-01
31.60	,	-1.44E-01
31.80	,	-1.26E-01
32.00	,	-1.08E-01
32.20	,	-8.96E-02
32.40	,	-7.10E-02
32.60	,	-5.23E-02
32.80	,	-3.35E-02
33.00	,	-1.47E-02
33.20	,	4.11E-03
33.40	,	2.29E-02
33.60	,	4.17E-02
33.80	,	6.05E-02
34.00	,	7.91E-02
34.20	,	9.77E-02
34.40	,	1.16E-01
34.60	,	1.34E-01
34.80	,	1.52E-01
35.00	,	1.70E-01
35.20	,	1.88E-01
35.40	,	2.05E-01
35.60	,	2.22E-01
35.80	,	2.39E-01
36.00	,	2.55E-01
36.20	,	2.71E-01
36.40	,	2.87E-01
36.60	,	3.02E-01
36.80	,	3.17E-01
37.00	,	3.31E-01
37.20	,	3.45E-01
37.40	,	3.58E-01
37.60	,	3.71E-01
37.80	,	3.84E-01
38.00	,	3.95E-01
38.20	,	4.07E-01
38.40	,	4.17E-01
38.60	,	4.27E-01
38.80	,	4.37E-01
39.00	,	4.46E-01
39.20	,	4.54E-01
39.40	,	4.62E-01
39.60	,	4.68E-01
39.80	,	4.75E-01
40.00	,	4.80E-01
40.20	,	4.85E-01
40.40	,	4.89E-01
40.60	,	4.93E-01
40.80	,	4.96E-01
41.00	,	4.98E-01
41.20	,	4.99E-01
41.40	,	5.00E-01
41.60	,	5.00E-01
41.80	,	4.99E-01
42.00	,	4.98E-01
42.20	,	4.96E-01
42.40	,	4.93E-01
42.60	,	4.89E-01
42.80	,	4.85E-01
43.00	,	4.80E-01
43.20	,	4.74E-01
43.40	,	4.68E-01
43.60	,	4.61E-01
43.80	,	4.54E-01
44.00	,	4.45E-01
44.20	,	4.37E-01
44.40	,	4.27E-01
44.60	,	4.17E-01
44.80	,	4.06E-01
45.00	,	3.95E-01
45.20	,	3.83E-01
45.40	,	3.71E-01
45.60	,	3.58E-01
45.80	,	3.44E-01
46.00	,	3.31E-01
46.20	,	3.16E-01
46.40	,	3.01E-01
46.60	,	2.86E-01
46.80	,	2.70E-01
47.00	,	2.54E-01
47.20	,	2.38E-01
47.40	,	2.21E-01
47.60	,	2.04E-01
47.80	,	1.87E-01
48.00	,	1.69E-01
48.20	,	1.52E-01
48.40	,	1.33E-01
48.60	,	1.15E-01
48.80	,	9.68E-02
49.00	,	7.83E-02
49.20	,	5.96E-02
49.40	,	4.09E-02
49.60	,	2.21E-02
49.80	,	3.26E-03
50.00	,	-1.56E-02
50.20	,	-3.44E-02
50.40	,	-5.31E-02
50.60	,	-7.18E-02
50.80	,	-9.04E-02
51.00	,	-1.09E-01
51.20	,	-1.27E-01
51.40	,	-1.45E-01
51.60	,	-1.63E-01
51.80	,	-1.81E-01
52.00	,	-1.98E-01
52.20	,	-2.15E-01
52.40	,	-2.32E-01
52.60	,	-2.49E-01
52.80	,	-2.65E-01
53.00	,	-2.81E-01
53.20	,	-2.96E-01
53.40	,	-3.11E-01
53.60	,	-3.26E-01
53.80	,	-3.40E-01
54.00	,	-3.53E-01
54.20	,	-3.66E-01
54.40	,	-3.79E-01
54.60	,	-3.91E-01
54.80	,	-4.02E-01
55.00	,	-4.13E-01
55.20	,	-4.24E-01
55.40	,	-4.33E-01
55.60	,	-4.42E-01
55.80	,	-4.51E-01
56.00	,	-4.59E-01
56.20	,	-4.66E-01
56.40	,	-4.72E-01
56.60	,	-4.78E-01
56.80	,	-4.83E-01
57.00	,	-4.88E-01
57.20	,	-4.92E-01
57.40	,	-4.95E-01
57.60	,	-4.97E-01
57.80	,	-4.99E-01
58.00	,	-5.00E-01
58.20	,	-5.00E-01
58.40	,	-5.00E-01
58.60	,	-4.98E-01
58.80	,	-4.97E-01
59.00	,	-4.94E-01
59.20	,	-4.91E-01
59.40	,	-4.87E-01
59.60	,	-4.82E-01
59.80	,	-4.77E-01
60.00	,	-4.71E-01
60.20	,	-4.64E-01
60.40	,	-4.57E-01
60.60	,	-4.49E-01
60.80	,	-4.40E-01
61.00	,	-4.31E-01
61.20	,	-4.21E-01
61.40	,	-4.10E-01
61.60	,	-3.99E-01
61.80	,	-3.88E-01
62.00	,	-3.76E-01
62.20	,	-3.63E-01
62.40	,	-3.50E-01
62.60	,	-3.36E-01
62.80	,	-3.22E-01
63.00	,	-3.07E-01
63.20	,	-2.92E-01
63.40	,	-2.77E-01
63.60	,	-2.61E-01
63.80	,	-2.45E-01
64.00	,	-2.28E-01
64.20	,	-2.11E-01
64.40	,	-1.94E-01
64.60	,	-1.76E-01
64.80	,	-1.59E-01
65.00	,	-1.41E-01
65.20	,	-1.22E-01
65.40	,	-1.04E-01
65.60	,	-8.55E-02
65.80	,	-6.69E-02
66.00	,	-4.82E-02
66.20	,	-2.94E-02
66.40	,	-1.06E-02
66.60	,	8.21E-03
66.80	,	2.70E-02
67.00	,	4.58E-02
67.20	,	6.45E-02
67.40	,	8.32E-02
67.60	,	1.02E-01
67.80	,	1.20E-01
68.00	,	1.38E-01
68.20	,	1.56E-01
68.40	,	1.74E-01
68.60	,	1.92E-01
68.80	,	2.09E-01
69.00	,	2.26E-01
69.20	,	2.42E-01
69.40	,	2.59E-01
69.60	,	2.75E-01
69.80	,	2.90E-01
70.00	,	3.05E-01
70.20	,	3.20E-01
70.40	,	3.34E-01
70.60	,	3.48E-01
70.80	,	3.61E-01
71.00	,	3.74E-01
71.20	,	3.86E-01
71.40	,	3.98E-01
71.60	,	4.09E-01
71.80	,	4.20E-01
72.00	,	4.30E-01
72.20	,	4.39E-01
72.40	,	4.48E-01
72.60	,	4.56E-01
72.80	,	4.63E-01
73.00	,	4.70E-01
73.20	,	4.76E-01
73.40	,	4.81E-01
73.60	,	4.86E-01
73.80	,	4.90E-01
74.00	,	4.94E-01
74.20	,	4.96E-01
74.40	,	4.98E-01
74.60	,	4.99E-01
74.80	,	5.00E-01
75.00	,	5.00E-01
75.20	,	4.99E-01
75.40	,	4.97E-01
75.60	,	4.95E-01
75.80	,	4.92E-01
76.00	,	4.88E-01
76.20	,	4.84E-01
76.40	,	4.79E-01
76.60	,	4.73E-01
76.80	,	4.67E-01
77.00	,	4.60E-01
77.20	,	4.52E-01
77.40	,	4.44E-01
77.60	,	4.34E-01
77.80	,	4.25E-01
78.00	,	4.15E-01
78.20	,	4.04E-01
78.40	,	3.92E-01
78.60	,	3.80E-01
78.80	,	3.68E-01
79.00	,	3.55E-01
79.20	,	3.41E-01
79.40	,	3.27E-01
79.60	,	3.13E-01
79.80	,	2.98E-01
80.00	,	2.83E-01
80.20	,	2.67E-01
80.40	,	2.51E-01
80.60	,	2.34E-01
80.80	,	2.18E-01
81.00	,	2.01E-01
81.20	,	1.83E-01
81.40	,	1.66E-01
81.60	,	1.48E-01
81.80	,	1.30E-01
82.00	,	1.11E-01
82.20	,	9.28E-02
82.40	,	7.42E-02
82.60	,	5.55E-02
82.80	,	3.68E-02
83.00	,	1.80E-02
83.20	,	-8.45E-04
83.40	,	-1.97E-02
83.60	,	-3.85E-02
83.80	,	-5.72E-02
84.00	,	-7.59E-02
84.20	,	-9.45E-02
84.40	,	-1.13E-01
84.60	,	-1.31E-01
84.80	,	-1.49E-01
85.00	,	-1.67E-01
85.20	,	-1.85E-01
85.40	,	-2.02E-01
85.60	,	-2.19E-01
85.80	,	-2.36E-01
86.00	,	-2.52E-01
86.20	,	-2.68E-01
86.40	,	-2.84E-01
86.60	,	-2.99E-01
86.80	,	-3.14E-01
87.00	,	-3.29E-01
87.20	,	-3.43E-01
87.40	,	-3.56E-01
87.60	,	-3.69E-01
87.80	,	-3.82E-01
88.00	,	-3.93E-01
88.20	,	-4.05E-01
88.40	,	-4.16E-01
88.60	,	-4.26E-01
88.80	,	-4.35E-01
89.00	,	-4.44E-01
89.20	,	-4.53E-01
89.40	,	-4.60E-01
89.60	,	-4.67E-01
89.80	,	-4.74E-01
90.00	,	-4.79E-01
90.20	,	-4.84E-01
90.40	,	-4.89E-01
90.60	,	-4.92E-01
90.80	,	-4.95E-01
91.00	,	-4.98E-01
91.20	,	-4.99E-01
91.40	,	-5.00E-01
91.60	,	-5.00E-01
91.80	,	-4.99E-01
92.00	,	-4.98E-01
92.20	,	-4.96E-01
92.40	,	-4.93E-01
92.60	,	-4.90E-01
92.80	,	-4.86E-01
93.00	,	-4.81E-01
93.20	,	-4.75E-01
93.40	,	-4.69E-01
93.60	,	-4.62E-01
93.80	,	-4.55E-01
94.00	,	-4.47E-01
94.20	,	-4.38E-01
94.40	,	-4.29E-01
94.60	,	-4.19E-01
94.80	,	-4.08E-01
95.00	,	-3.97E-01
95.20	,	-3.85E-01
95.40	,	-3.73E-01
95.60	,	-3.60E-01
95.80	,	-3.47E-01
96.00	,	-3.33E-01
96.20	,	-3.19E-01
96.40	,	-3.04E-01
96.60	,	-2.89E-01
96.80	,	-2.73E-01
97.00	,	-2.57E-01
97.20	,	-2.41E-01
97.40	,	-2.24E-01
97.60	,	-2.07E-01
97.80	,	-1.90E-01
98.00	,	-1.72E-01
98.20	,	-1.55E-01
98.40	,	-1.37E-01
98.60	,	-1.18E-01
98.80	,	-1.00E-01
99.00	,	-8.15E-02
99.20	,	-6.29E-02
99.40	,	-4.41E-02
99.60	,	-2.53E-02
99.80	,	-6.52E-03
100.00	,	1.23E-02
100.20	,	3.11E-02
100.40	,	4.99E-02
100.60	,	6.86E-02
100.80	,	8.72E-02
101.00	,	1.06E-01
101.20	,	1.24E-01
101.40	,	1.42E-01
101.60	,	1.60E-01
101.80	,	1.78E-01
102.00	,	1.95E-01
102.20	,	2.13E-01
102.40	,	2.29E-01
102.60	,	2.46E-01
102.80	,	2.62E-01
103.00	,	2.78E-01
103.20	,	2.94E-01
103.40	,	3.09E-01
103.60	,	3.23E-01
103.80	,	3.37E-01
104.00	,	3.51E-01
104.20	,	3.64E-01
104.40	,	3.77E-01
104.60	,	3.89E-01
104.80	,	4.00E-01
105.00	,	4.11E-01
105.20	,	4.22E-01
105.40	,	4.32E-01
105.60	,	4.41E-01
105.80	,	4.49E-01
106.00	,	4.57E-01
106.20	,	4.65E-01
106.40	,	4.71E-01
106.60	,	4.77E-01
106.80	,	4.83E-01
107.00	,	4.87E-01
107.20	,	4.91E-01
107.40	,	4.94E-01
107.60	,	4.97E-01
107.80	,	4.99E-01
108.00	,	5.00E-01
108.20	,	5.00E-01
108.40	,	5.00E-01
108.60	,	4.99E-01
108.80	,	4.97E-01
109.00	,	4.94E-01
109.20	,	4.91E-01
109.40	,	4.87E-01
109.60	,	4.83E-01
109.80	,	4.78E-01
110.00	,	4.72E-01
110.20	,	4.65E-01
110.40	,	4.58E-01
110.60	,	4.50E-01
110.80	,	4.42E-01
111.00	,	4.32E-01
111.20	,	4.23E-01
111.40	,	4.12E-01
111.60	,	4.01E-01
111.80	,	3.90E-01
112.00	,	3.78E-01
112.20	,	3.65E-01
112.40	,	3.52E-01
112.60	,	3.38E-01
112.80	,	3.24E-01
113.00	,	3.10E-01
113.20	,	2.95E-01
113.40	,	2.79E-01
113.60	,	2.64E-01
113.80	,	2.47E-01
114.00	,	2.31E-01
114.20	,	2.14E-01
114.40	,	1.97E-01
114.60	,	1.79E-01
114.80	,	1.62E-01
115.00	,	1.44E-01
115.20	,	1.26E-01
115.40	,	1.07E-01
115.60	,	8.88E-02
115.80	,	7.02E-02
116.00	,	5.15E-02
116.20	,	3.27E-02
116.40	,	1.39E-02
116.60	,	-4.95E-03
116.80	,	-2.38E-02
117.00	,	-4.26E-02
117.20	,	-6.13E-02
117.40	,	-8.00E-02
117.60	,	-9.85E-02
117.80	,	-1.17E-01
118.00	,	-1.35E-01
118.20	,	-1.53E-01
118.40	,	-1.71E-01
118.60	,	-1.89E-01
118.80	,	-2.06E-01
119.00	,	-2.23E-01
119.20	,	-2.40E-01
119.40	,	-2.56E-01
119.60	,	-2.72E-01
119.80	,	-2.88E-01
120.00	,	-3.03E-01
120.20	,	-3.18E-01
120.40	,	-3.32E-01
120.60	,	-3.46E-01
120.80	,	-3.59E-01
121.00	,	-3.72E-01
121.20	,	-3.84E-01
121.40	,	-3.96E-01
121.60	,	-4.07E-01
121.80	,	-4.18E-01
122.00	,	-4.28E-01
122.20	,	-4.37E-01
122.40	,	-4.46E-01
122.60	,	-4.54E-01
122.80	,	-4.62E-01
123.00	,	-4.69E-01
123.20	,	-4.75E-01
123.40	,	-4.81E-01
123.60	,	-4.85E-01
123.80	,	-4.90E-01
124.00	,	-4.93E-01
124.20	,	-4.96E-01
124.40	,	-4.98E-01
124.60	,	-4.99E-01
124.80	,	-5.00E-01
125.00	,	-5.00E-01
125.20	,	-4.99E-01
125.40	,	-4.98E-01
125.60	,	-4.95E-01
125.80	,	-4.93E-01
126.00	,	-4.89E-01
126.20	,	-4.85E-01
126.40	,	-4.80E-01
126.60	,	-4.74E-01
126.80	,	-4.68E-01
127.00	,	-4.61E-01
127.20	,	-4.53E-01
127.40	,	-4.45E-01
127.60	,	-4.36E-01
127.80	,	-4.27E-01
128.00	,	-4.16E-01
128.20	,	-4.06E-01
128.40	,	-3.94E-01
128.60	,	-3.83E-01
128.80	,	-3.70E-01
129.00	,	-3.57E-01
129.20	,	-3.44E-01
129.40	,	-3.30E-01
129.60	,	-3.16E-01
129.80	,	-3.01E-01
130.00	,	-2.85E-01
130.20	,	-2.70E-01
130.40	,	-2.54E-01
130.60	,	-2.37E-01
130.80	,	-2.21E-01
131.00	,	-2.04E-01
131.20	,	-1.86E-01
131.40	,	-1.69E-01
131.60	,	-1.51E-01
131.80	,	-1.33E-01
132.00	,	-1.14E-01
132.20	,	-9.60E-02
132.40	,	-7.74E-02
132.60	,	-5.88E-02
132.80	,	-4.00E-02
133.00	,	-2.12E-02
133.20	,	-2.41E-03
133.40	,	1.64E-02
133.60	,	3.52E-02
133.80	,	5.40E-02
134.00	,	7.27E-02
134.20	,	9.13E-02
134.40	,	1.10E-01
134.60	,	1.28E-01
134.80	,	1.46E-01
135.00	,	1.64E-01
135.20	,	1.82E-01
135.40	,	1.99E-01
135.60	,	2.16E-01
135.80	,	2.33E-01
136.00	,	2.50E-01
136.20	,	2.66E-01
136.40	,	2.81E-01
136.60	,	2.97E-01
136.80	,	3.12E-01
137.00	,	3.26E-01
137.20	,	3.40E-01
137.40	,	3.54E-01
137.60	,	3.67E-01
137.80	,	3.79E-01
138.00	,	3.91E-01
138.20	,	4.03E-01
138.40	,	4.14E-01
138.60	,	4.24E-01
138.80	,	4.34E-01
139.00	,	4.43E-01
139.20	,	4.51E-01
139.40	,	4.59E-01
139.60	,	4.66E-01
139.80	,	4.73E-01
140.00	,	4.78E-01
140.20	,	4.84E-01
140.40	,	4.88E-01
140.60	,	4.92E-01
140.80	,	4.95E-01
141.00	,	4.97E-01
141.20	,	4.99E-01
141.40	,	5.00E-01
141.60	,	5.00E-01
141.80	,	5.00E-01
142.00	,	4.98E-01
142.20	,	4.96E-01
142.40	,	4.94E-01
142.60	,	4.91E-01
142.80	,	4.87E-01
143.00	,	4.82E-01
143.20	,	4.76E-01
143.40	,	4.70E-01
143.60	,	4.64E-01
143.80	,	4.56E-01
144.00	,	4.48E-01
144.20	,	4.40E-01
144.40	,	4.30E-01
144.60	,	4.20E-01
144.80	,	4.10E-01
145.00	,	3.99E-01
145.20	,	3.87E-01
145.40	,	3.75E-01
145.60	,	3.62E-01
145.80	,	3.49E-01
146.00	,	3.35E-01
146.20	,	3.21E-01
146.40	,	3.07E-01
146.60	,	2.91E-01
146.80	,	2.76E-01
147.00	,	2.60E-01
147.20	,	2.44E-01
147.40	,	2.27E-01
147.60	,	2.10E-01
147.80	,	1.93E-01
148.00	,	1.75E-01
148.20	,	1.58E-01
148.40	,	1.40E-01
148.60	,	1.22E-01
148.80	,	1.03E-01
149.00	,	8.47E-02
149.20	,	6.61E-02
149.40	,	4.74E-02
149.60	,	2.86E-02
149.80	,	9.78E-03
150.00	,	-9.06E-03
150.20	,	-2.79E-02
150.40	,	-4.67E-02
150.60	,	-6.54E-02
150.80	,	-8.40E-02
151.00	,	-1.03E-01
151.20	,	-1.21E-01
151.40	,	-1.39E-01
151.60	,	-1.57E-01
151.80	,	-1.75E-01
152.00	,	-1.92E-01
152.20	,	-2.10E-01
152.40	,	-2.27E-01
152.60	,	-2.43E-01
152.80	,	-2.59E-01
153.00	,	-2.75E-01
153.20	,	-2.91E-01
153.40	,	-3.06E-01
153.60	,	-3.21E-01
153.80	,	-3.35E-01
154.00	,	-3.49E-01
154.20	,	-3.62E-01
154.40	,	-3.75E-01
154.60	,	-3.87E-01
154.80	,	-3.98E-01
155.00	,	-4.10E-01
155.20	,	-4.20E-01
155.40	,	-4.30E-01
155.60	,	-4.39E-01
155.80	,	-4.48E-01
156.00	,	-4.56E-01
156.20	,	-4.63E-01
156.40	,	-4.70E-01
156.60	,	-4.76E-01
156.80	,	-4.82E-01
157.00	,	-4.86E-01
157.20	,	-4.90E-01
157.40	,	-4.94E-01
157.60	,	-4.96E-01
157.80	,	-4.98E-01
158.00	,	-4.99E-01
158.20	,	-5.00E-01
158.40	,	-5.00E-01
158.60	,	-4.99E-01
158.80	,	-4.97E-01
159.00	,	-4.95E-01
159.20	,	-4.92E-01
159.40	,	-4.88E-01
159.60	,	-4.84E-01
159.80	,	-4.79E-01
160.00	,	-4.73E-01
160.20	,	-4.66E-01
160.40	,	-4.59E-01
160.60	,	-4.52E-01
160.80	,	-4.43E-01
161.00	,	-4.34E-01
161.20	,	-4.24E-01
161.40	,	-4.14E-01
161.60	,	-4.03E-01
161.80	,	-3.92E-01
162.00	,	-3.80E-01
162.20	,	-3.67E-01
162.40	,	-3.54E-01
162.60	,	-3.41E-01
162.80	,	-3.27E-01
163.00	,	-3.12E-01
163.20	,	-2.97E-01
163.40	,	-2.82E-01
163.60	,	-2.66E-01
163.80	,	-2.50E-01
164.00	,	-2.34E-01
164.20	,	-2.17E-01
164.40	,	-2.00E-01
164.60	,	-1.82E-01
164.80	,	-1.65E-01
165.00	,	-1.47E-01
165.20	,	-1.29E-01
165.40	,	-1.10E-01
165.60	,	-9.20E-02
165.80	,	-7.34E-02
166.00	,	-5.47E-02
166.20	,	-3.60E-02
166.40	,	-1.71E-02
166.60	,	1.69E-03
166.80	,	2.05E-02
167.00	,	3.93E-02
167.20	,	5.81E-02
167.40	,	7.67E-02
167.60	,	9.53E-02
167.80	,	1.14E-01
168.00	,	1.32E-01
168.20	,	1.50E-01
168.40	,	1.68E-01
168.60	,	1.86E-01
168.80	,	2.03E-01
169.00	,	2.20E-01
169.20	,	2.37E-01
169.40	,	2.53E-01
169.60	,	2.69E-01
169.80	,	2.85E-01
170.00	,	3.00E-01
170.20	,	3.15E-01
170.40	,	3.29E-01
170.60	,	3.43E-01
170.80	,	3.57E-01
171.00	,	3.70E-01
171.20	,	3.82E-01
171.40	,	3.94E-01
171.60	,	4.05E-01
171.80	,	4.16E-01
172.00	,	4.26E-01
172.20	,	4.36E-01
172.40	,	4.45E-01
172.60	,	4.53E-01
172.80	,	4.61E-01
173.00	,	4.68E-01
173.20	,	4.74E-01
173.40	,	4.80E-01
173.60	,	4.85E-01
173.80	,	4.89E-01
174.00	,	4.92E-01
174.20	,	4.95E-01
174.40	,	4.98E-01
174.60	,	4.99E-01
174.80	,	5.00E-01
175.00	,	5.00E-01
175.20	,	4.99E-01
175.40	,	4.98E-01
175.60	,	4.96E-01
175.80	,	4.93E-01
176.00	,	4.90E-01
176.20	,	4.86E-01
176.40	,	4.81E-01
176.60	,	4.75E-01
176.80	,	4.69E-01
177.00	,	4.62E-01
177.20	,	4.55E-01
177.40	,	4.46E-01
177.60	,	4.38E-01
177.80	,	4.28E-01
178.00	,	4.18E-01
178.20	,	4.08E-01
178.40	,	3.96E-01
178.60	,	3.85E-01
178.80	,	3.72E-01
179.00	,	3.60E-01
179.20	,	3.46E-01
179.40	,	3.32E-01
179.60	,	3.18E-01
179.80	,	3.03E-01
180.00	,	2.88E-01
180.20	,	2.73E-01
180.40	,	2.57E-01
180.60	,	2.40E-01
180.80	,	2.24E-01
181.00	,	2.07E-01
181.20	,	1.89E-01
181.40	,	1.72E-01
181.60	,	1.54E-01
181.80	,	1.36E-01
182.00	,	1.18E-01
182.20	,	9.92E-02
182.40	,	8.07E-02
182.60	,	6.20E-02
182.80	,	4.33E-02
183.00	,	2.45E-02
183.20	,	5.67E-03
183.40	,	-1.32E-02
183.60	,	-3.20E-02
183.80	,	-5.07E-02
184.00	,	-6.94E-02
184.20	,	-8.80E-02
184.40	,	-1.07E-01
184.60	,	-1.25E-01
184.80	,	-1.43E-01
185.00	,	-1.61E-01
185.20	,	-1.79E-01
185.40	,	-1.96E-01
185.60	,	-2.13E-01
185.80	,	-2.30E-01
186.00	,	-2.47E-01
186.20	,	-2.63E-01
186.40	,	-2.79E-01
186.60	,	-2.94E-01
186.80	,	-3.09E-01
187.00	,	-3.24E-01
187.20	,	-3.38E-01
187.40	,	-3.52E-01
187.60	,	-3.65E-01
187.80	,	-3.77E-01
188.00	,	-3.89E-01
188.20	,	-4.01E-01
188.40	,	-4.12E-01
188.60	,	-4.22E-01
188.80	,	-4.32E-01
189.00	,	-4.41E-01
189.20	,	-4.50E-01
189.40	,	-4.58E-01
189.60	,	-4.65E-01
189.80	,	-4.72E-01
190.00	,	-4.77E-01
190.20	,	-4.83E-01
190.40	,	-4.87E-01
190.60	,	-4.91E-01
190.80	,	-4.94E-01
191.00	,	-4.97E-01
191.20	,	-4.99E-01
191.40	,	-5.00E-01
191.60	,	-5.00E-01
191.80	,	-5.00E-01
192.00	,	-4.99E-01
192.20	,	-4.97E-01
192.40	,	-4.94E-01
192.60	,	-4.91E-01
192.80	,	-4.87E-01
193.00	,	-4.83E-01
193.20	,	-4.77E-01
193.40	,	-4.72E-01
193.60	,	-4.65E-01
193.80	,	-4.58E-01
194.00	,	-4.50E-01
194.20	,	-4.41E-01
194.40	,	-4.32E-01
194.60	,	-4.22E-01
194.80	,	-4.12E-01
195.00	,	-4.01E-01
195.20	,	-3.89E-01
195.40	,	-3.77E-01
195.60	,	-3.65E-01
195.80	,	-3.51E-01
196.00	,	-3.38E-01
196.20	,	-3.24E-01
196.40	,	-3.09E-01
196.60	,	-2.94E-01
196.80	,	-2.79E-01
197.00	,	-2.63E-01
197.20	,	-2.47E-01
197.40	,	-2.30E-01
197.60	,	-2.13E-01
197.80	,	-1.96E-01
198.00	,	-1.79E-01
198.20	,	-1.61E-01
198.40	,	-1.43E-01
198.60	,	-1.25E-01
198.80	,	-1.06E-01
199.00	,	-8.79E-02
199.20	,	-6.93E-02
199.40	,	-5.06E-02
199.60	,	-3.19E-02
199.80	,	-1.30E-02
200.00	,	5.80E-03
200.20	,	2.46E-02
200.40	,	4.34E-02
200.60	,	6.21E-02
200.80	,	8.08E-02
201.00	,	9.93E-02
201.20	,	1.18E-01
201.40	,	1.36E-01
201.60	,	1.54E-01
201.80	,	1.72E-01
202.00	,	1.89E-01
202.20	,	2.07E-01
202.40	,	2.24E-01
202.60	,	2.40E-01
202.80	,	2.57E-01
203.00	,	2.73E-01
203.20	,	2.88E-01
203.40	,	3.03E-01
203.60	,	3.18E-01
203.80	,	3.32E-01
204.00	,	3.46E-01
204.20	,	3.60E-01
204.40	,	3.72E-01
204.60	,	3.85E-01
204.80	,	3.97E-01
205.00	,	4.08E-01
205.20	,	4.18E-01
205.40	,	4.28E-01
205.60	,	4.38E-01
205.80	,	4.47E-01
206.00	,	4.55E-01
206.20	,	4.62E-01
206.40	,	4.69E-01
206.60	,	4.75E-01
206.80	,	4.81E-01
207.00	,	4.86E-01
207.20	,	4.90E-01
207.40	,	4.93E-01
207.60	,	4.96E-01
207.80	,	4.98E-01
208.00	,	4.99E-01
208.20	,	5.00E-01
208.40	,	5.00E-01
208.60	,	4.99E-01
208.80	,	4.98E-01
209.00	,	4.95E-01
209.20	,	4.92E-01
209.40	,	4.89E-01
209.60	,	4.85E-01
209.80	,	4.80E-01
210.00	,	4.74E-01
210.20	,	4.68E-01
210.40	,	4.61E-01
210.60	,	4.53E-01
210.80	,	4.45E-01
211.00	,	4.36E-01
211.20	,	4.26E-01
211.40	,	4.16E-01
211.60	,	4.05E-01
211.80	,	3.94E-01
212.00	,	3.82E-01
212.20	,	3.70E-01
212.40	,	3.57E-01
212.60	,	3.43E-01
212.80	,	3.29E-01
213.00	,	3.15E-01
213.20	,	3.00E-01
213.40	,	2.85E-01
213.60	,	2.69E-01
213.80	,	2.53E-01
214.00	,	2.37E-01
214.20	,	2.20E-01
214.40	,	2.03E-01
214.60	,	1.85E-01
214.80	,	1.68E-01
215.00	,	1.50E-01
215.20	,	1.32E-01
215.40	,	1.14E-01
215.60	,	9.52E-02
215.80	,	7.66E-02
216.00	,	5.79E-02
216.20	,	3.92E-02
216.40	,	2.04E-02
216.60	,	1.57E-03
216.80	,	-1.73E-02
217.00	,	-3.61E-02
217.20	,	-5.48E-02
217.40	,	-7.35E-02
217.60	,	-9.21E-02
217.80	,	-1.11E-01
218.00	,	-1.29E-01
218.20	,	-1.47E-01
218.40	,	-1.65E-01
218.60	,	-1.82E-01
218.80	,	-2.00E-01
219.00	,	-2.17E-01
219.20	,	-2.34E-01
219.40	,	-2.50E-01
219.60	,	-2.66E-01
219.80	,	-2.82E-01
220.00	,	-2.98E-01
220.20	,	-3.12E-01
220.40	,	-3.27E-01
220.60	,	-3.41E-01
220.80	,	-3.54E-01
221.00	,	-3.68E-01
221.20	,	-3.80E-01
221.40	,	-3.92E-01
221.60	,	-4.03E-01
221.80	,	-4.14E-01
222.00	,	-4.24E-01
222.20	,	-4.34E-01
222.40	,	-4.43E-01
222.60	,	-4.52E-01
222.80	,	-4.59E-01
223.00	,	-4.66E-01
223.20	,	-4.73E-01
223.40	,	-4.79E-01
223.60	,	-4.84E-01
223.80	,	-4.88E-01
224.00	,	-4.92E-01
224.20	,	-4.95E-01
224.40	,	-4.97E-01
224.60	,	-4.99E-01
224.80	,	-5.00E-01
225.00	,	-5.00E-01
225.20	,	-4.99E-01
225.40	,	-4.98E-01
225.60	,	-4.96E-01
225.80	,	-4.94E-01
226.00	,	-4.90E-01
226.20	,	-4.86E-01
226.40	,	-4.82E-01
226.60	,	-4.76E-01
226.80	,	-4.70E-01
227.00	,	-4.63E-01
227.20	,	-4.56E-01
227.40	,	-4.48E-01
227.60	,	-4.39E-01
227.80	,	-4.30E-01
228.00	,	-4.20E-01
228.20	,	-4.10E-01
228.40	,	-3.98E-01
228.60	,	-3.87E-01
228.80	,	-3.75E-01
229.00	,	-3.62E-01
229.20	,	-3.49E-01
229.40	,	-3.35E-01
229.60	,	-3.21E-01
229.80	,	-3.06E-01
230.00	,	-2.91E-01
230.20	,	-2.75E-01
230.40	,	-2.59E-01
230.60	,	-2.43E-01
230.80	,	-2.26E-01
231.00	,	-2.09E-01
231.20	,	-1.92E-01
231.40	,	-1.75E-01
231.60	,	-1.57E-01
231.80	,	-1.39E-01
232.00	,	-1.21E-01
232.20	,	-1.02E-01
232.40	,	-8.39E-02
232.60	,	-6.53E-02
232.80	,	-4.65E-02
233.00	,	-2.78E-02
233.20	,	-8.93E-03
233.40	,	9.90E-03
233.60	,	2.87E-02
233.80	,	4.75E-02
234.00	,	6.62E-02
234.20	,	8.48E-02
234.40	,	1.03E-01
234.60	,	1.22E-01
234.80	,	1.40E-01
235.00	,	1.58E-01
235.20	,	1.76E-01
235.40	,	1.93E-01
235.60	,	2.10E-01
235.80	,	2.27E-01
236.00	,	2.44E-01
236.20	,	2.60E-01
236.40	,	2.76E-01
236.60	,	2.92E-01
236.80	,	3.07E-01
237.00	,	3.21E-01
237.20	,	3.36E-01
237.40	,	3.49E-01
237.60	,	3.62E-01
237.80	,	3.75E-01
238.00	,	3.87E-01
238.20	,	3.99E-01
238.40	,	4.10E-01
238.60	,	4.21E-01
238.80	,	4.30E-01
239.00	,	4.40E-01
239.20	,	4.48E-01
239.40	,	4.56E-01
239.60	,	4.64E-01
239.80	,	4.70E-01
240.00	,	4.77E-01
240.20	,	4.82E-01
240.40	,	4.87E-01
240.60	,	4.91E-01
240.80	,	4.94E-01
241.00	,	4.96E-01
241.20	,	4.98E-01
241.40	,	5.00E-01
241.60	,	5.00E-01
241.80	,	5.00E-01
242.00	,	4.99E-01
242.20	,	4.97E-01
242.40	,	4.95E-01
242.60	,	4.92E-01
242.80	,	4.88E-01
243.00	,	4.84E-01
243.20	,	4.78E-01
243.40	,	4.73E-01
243.60	,	4.66E-01
243.80	,	4.59E-01
244.00	,	4.51E-01
244.20	,	4.43E-01
244.40	,	4.34E-01
244.60	,	4.24E-01
244.80	,	4.14E-01
245.00	,	4.03E-01
245.20	,	3.91E-01
245.40	,	3.79E-01
245.60	,	3.67E-01
245.80	,	3.54E-01
246.00	,	3.40E-01
246.20	,	3.26E-01
246.40	,	3.12E-01
246.60	,	2.97E-01
246.80	,	2.81E-01
247.00	,	2.66E-01
247.20	,	2.49E-01
247.40	,	2.33E-01
247.60	,	2.16E-01
247.80	,	1.99E-01
248.00	,	1.82E-01
248.20	,	1.64E-01
248.40	,	1.46E-01
248.60	,	1.28E-01
248.80	,	1.10E-01
249.00	,	9.11E-02
249.20	,	7.26E-02
249.40	,	5.39E-02
249.60	,	3.51E-02
249.80	,	1.63E-02
250.00	,	-2.54E-03
250.20	,	-2.14E-02
250.40	,	-4.02E-02
250.60	,	-5.89E-02
250.80	,	-7.76E-02
251.00	,	-9.61E-02
251.20	,	-1.15E-01
251.40	,	-1.33E-01
251.60	,	-1.51E-01
251.80	,	-1.69E-01
252.00	,	-1.86E-01
252.20	,	-2.04E-01
252.40	,	-2.21E-01
252.60	,	-2.37E-01
252.80	,	-2.54E-01
253.00	,	-2.70E-01
253.20	,	-2.86E-01
253.40	,	-3.01E-01
253.60	,	-3.16E-01
253.80	,	-3.30E-01
254.00	,	-3.44E-01
254.20	,	-3.57E-01
254.40	,	-3.70E-01
254.60	,	-3.83E-01
254.80	,	-3.95E-01
255.00	,	-4.06E-01
255.20	,	-4.17E-01
255.40	,	-4.27E-01
255.60	,	-4.36E-01
255.80	,	-4.45E-01
256.00	,	-4.53E-01
256.20	,	-4.61E-01
256.40	,	-4.68E-01
256.60	,	-4.74E-01
256.80	,	-4.80E-01
257.00	,	-4.85E-01
257.20	,	-4.89E-01
257.40	,	-4.93E-01
257.60	,	-4.96E-01
257.80	,	-4.98E-01
258.00	,	-4.99E-01
258.20	,	-5.00E-01
258.40	,	-5.00E-01
258.60	,	-4.99E-01
258.80	,	-4.98E-01
259.00	,	-4.96E-01
259.20	,	-4.93E-01
259.40	,	-4.90E-01
259.60	,	-4.85E-01
259.80	,	-4.80E-01
260.00	,	-4.75E-01
260.20	,	-4.69E-01
260.40	,	-4.62E-01
260.60	,	-4.54E-01
260.80	,	-4.46E-01
261.00	,	-4.37E-01
261.20	,	-4.28E-01
261.40	,	-4.18E-01
261.60	,	-4.07E-01
261.80	,	-3.96E-01
262.00	,	-3.84E-01
262.20	,	-3.72E-01
262.40	,	-3.59E-01
262.60	,	-3.46E-01
262.80	,	-3.32E-01
263.00	,	-3.17E-01
263.20	,	-3.03E-01
263.40	,	-2.87E-01
263.60	,	-2.72E-01
263.80	,	-2.56E-01
264.00	,	-2.39E-01
264.20	,	-2.23E-01
264.40	,	-2.06E-01
264.60	,	-1.88E-01
264.80	,	-1.71E-01
265.00	,	-1.53E-01
265.20	,	-1.35E-01
265.40	,	-1.17E-01
265.60	,	-9.84E-02
265.80	,	-7.98E-02
266.00	,	-6.12E-02
266.20	,	-4.25E-02
266.40	,	-2.37E-02
266.60	,	-4.83E-03
266.80	,	1.40E-02
267.00	,	3.28E-02
267.20	,	5.16E-02
267.40	,	7.03E-02
267.60	,	8.89E-02
267.80	,	1.07E-01
268.00	,	1.26E-01
268.20	,	1.44E-01
268.40	,	1.62E-01
268.60	,	1.79E-01
268.80	,	1.97E-01
269.00	,	2.14E-01
269.20	,	2.31E-01
269.40	,	2.47E-01
269.60	,	2.64E-01
269.80	,	2.79E-01
270.00	,	2.95E-01
270.20	,	3.10E-01
270.40	,	3.24E-01
270.60	,	3.39E-01
270.80	,	3.52E-01
271.00	,	3.65E-01
271.20	,	3.78E-01
271.40	,	3.90E-01
271.60	,	4.01E-01
271.80	,	4.12E-01
272.00	,	4.23E-01
272.20	,	4.33E-01
272.40	,	4.42E-01
272.60	,	4.50E-01
272.80	,	4.58E-01
273.00	,	4.65E-01
273.20	,	4.72E-01
273.40	,	4.78E-01
273.60	,	4.83E-01
273.80	,	4.87E-01
274.00	,	4.91E-01
274.20	,	4.94E-01
274.40	,	4.97E-01
274.60	,	4.99E-01
274.80	,	5.00E-01
275.00	,	5.00E-01
275.20	,	5.00E-01
275.40	,	4.99E-01
275.60	,	4.97E-01
275.80	,	4.94E-01
276.00	,	4.91E-01
276.20	,	4.87E-01
276.40	,	4.82E-01
276.60	,	4.77E-01
276.80	,	4.71E-01
277.00	,	4.65E-01
277.20	,	4.57E-01
277.40	,	4.49E-01
277.60	,	4.41E-01
277.80	,	4.32E-01
278.00	,	4.22E-01
278.20	,	4.11E-01
278.40	,	4.00E-01
278.60	,	3.89E-01
278.80	,	3.77E-01
279.00	,	3.64E-01
279.20	,	3.51E-01
279.40	,	3.37E-01
279.60	,	3.23E-01
279.80	,	3.08E-01
280.00	,	2.93E-01
280.20	,	2.78E-01
280.40	,	2.62E-01
280.60	,	2.46E-01
280.80	,	2.29E-01
281.00	,	2.12E-01
281.20	,	1.95E-01
281.40	,	1.78E-01
281.60	,	1.60E-01
281.80	,	1.42E-01
282.00	,	1.24E-01
282.20	,	1.06E-01
282.40	,	8.71E-02
282.60	,	6.85E-02
282.80	,	4.98E-02
283.00	,	3.10E-02
283.20	,	1.22E-02
283.40	,	-6.64E-03
283.60	,	-2.55E-02
283.80	,	-4.43E-02
284.00	,	-6.30E-02
284.20	,	-8.16E-02
284.40	,	-1.00E-01
284.60	,	-1.19E-01
284.80	,	-1.37E-01
285.00	,	-1.55E-01
285.20	,	-1.73E-01
285.40	,	-1.90E-01
285.60	,	-2.07E-01
285.80	,	-2.24E-01
286.00	,	-2.41E-01
286.20	,	-2.57E-01
286.40	,	-2.73E-01
286.60	,	-2.89E-01
286.80	,	-3.04E-01
287.00	,	-3.19E-01
287.20	,	-3.33E-01
287.40	,	-3.47E-01
287.60	,	-3.60E-01
287.80	,	-3.73E-01
288.00	,	-3.85E-01
288.20	,	-3.97E-01
288.40	,	-4.08E-01
288.60	,	-4.19E-01
288.80	,	-4.29E-01
289.00	,	-4.38E-01
289.20	,	-4.47E-01
289.40	,	-4.55E-01
289.60	,	-4.63E-01
289.80	,	-4.69E-01
290.00	,	-4.76E-01
290.20	,	-4.81E-01
290.40	,	-4.86E-01
290.60	,	-4.90E-01
290.80	,	-4.93E-01
291.00	,	-4.96E-01
291.20	,	-4.98E-01
291.40	,	-4.99E-01
291.60	,	-5.00E-01
291.80	,	-5.00E-01
292.00	,	-4.99E-01
292.20	,	-4.97E-01
292.40	,	-4.95E-01
292.60	,	-4.92E-01
292.80	,	-4.89E-01
293.00	,	-4.84E-01
293.20	,	-4.79E-01
293.40	,	-4.74E-01
293.60	,	-4.67E-01
293.80	,	-4.60E-01
294.00	,	-4.53E-01
294.20	,	-4.44E-01
294.40	,	-4.35E-01
294.60	,	-4.26E-01
294.80	,	-4.16E-01
295.00	,	-4.05E-01
295.20	,	-3.93E-01
295.40	,	-3.81E-01
295.60	,	-3.69E-01
295.80	,	-3.56E-01
296.00	,	-3.43E-01
296.20	,	-3.29E-01
296.40	,	-3.14E-01
296.60	,	-2.99E-01
296.80	,	-2.84E-01
297.00	,	-2.68E-01
297.20	,	-2.52E-01
297.40	,	-2.36E-01
297.60	,	-2.19E-01
297.80	,	-2.02E-01
298.00	,	-1.85E-01
298.20	,	-1.67E-01
298.40	,	-1.49E-01
298.60	,	-1.31E-01
298.80	,	-1.13E-01
299.00	,	-9.43E-02
299.20	,	-7.58E-02
299.40	,	-5.71E-02
299.60	,	-3.84E-02
299.80	,	-1.96E-02
300.00	,	-7.24E-04
300.20	,	1.81E-02
300.40	,	3.69E-02
300.60	,	5.57E-02
300.80	,	7.43E-02
301.00	,	9.29E-02
301.20	,	1.11E-01
301.40	,	1.30E-01
301.60	,	1.48E-01
301.80	,	1.66E-01
302.00	,	1.83E-01
302.20	,	2.01E-01
302.40	,	2.18E-01
302.60	,	2.35E-01
302.80	,	2.51E-01
303.00	,	2.67E-01
303.20	,	2.83E-01
303.40	,	2.98E-01
303.60	,	3.13E-01
303.80	,	3.28E-01
304.00	,	3.42E-01
304.20	,	3.55E-01
304.40	,	3.68E-01
304.60	,	3.81E-01
304.80	,	3.93E-01
305.00	,	4.04E-01
305.20	,	4.15E-01
305.40	,	4.25E-01
305.60	,	4.35E-01
305.80	,	4.44E-01
306.00	,	4.52E-01
306.20	,	4.60E-01
306.40	,	4.67E-01
306.60	,	4.73E-01
306.80	,	4.79E-01
307.00	,	4.84E-01
307.20	,	4.88E-01
307.40	,	4.92E-01
307.60	,	4.95E-01
307.80	,	4.97E-01
308.00	,	4.99E-01
308.20	,	5.00E-01
308.40	,	5.00E-01
308.60	,	4.99E-01
308.80	,	4.98E-01
309.00	,	4.96E-01
309.20	,	4.94E-01
309.40	,	4.90E-01
309.60	,	4.86E-01
309.80	,	4.81E-01
310.00	,	4.76E-01
310.20	,	4.70E-01
310.40	,	4.63E-01
310.60	,	4.56E-01
310.80	,	4.48E-01
311.00	,	4.39E-01
311.20	,	4.30E-01
311.40	,	4.20E-01
311.60	,	4.09E-01
311.80	,	3.98E-01
312.00	,	3.86E-01
312.20	,	3.74E-01
312.40	,	3.61E-01
312.60	,	3.48E-01
312.80	,	3.34E-01
313.00	,	3.20E-01
313.20	,	3.05E-01
313.40	,	2.90E-01
313.60	,	2.75E-01
313.80	,	2.59E-01
314.00	,	2.42E-01
314.20	,	2.26E-01
314.40	,	2.09E-01
314.60	,	1.91E-01
314.80	,	1.74E-01
315.00	,	1.56E-01
315.20	,	1.38E-01
315.40	,	1.20E-01
315.60	,	1.02E-01
315.80	,	8.30E-02
316.00	,	6.44E-02
316.20	,	4.57E-02
316.40	,	2.69E-02
316.60	,	8.09E-03
316.80	,	-1.07E-02
317.00	,	-2.96E-02
317.20	,	-4.83E-02
317.40	,	-6.71E-02
317.60	,	-8.57E-02
317.80	,	-1.04E-01
318.00	,	-1.23E-01
318.20	,	-1.41E-01
318.40	,	-1.59E-01
318.60	,	-1.76E-01
318.80	,	-1.94E-01
319.00	,	-2.11E-01
319.20	,	-2.28E-01
319.40	,	-2.45E-01
319.60	,	-2.61E-01
319.80	,	-2.77E-01
320.00	,	-2.92E-01
320.20	,	-3.07E-01
320.40	,	-3.22E-01
320.60	,	-3.36E-01
320.80	,	-3.50E-01
321.00	,	-3.63E-01
321.20	,	-3.76E-01
321.40	,	-3.88E-01
321.60	,	-4.00E-01
321.80	,	-4.11E-01
322.00	,	-4.21E-01
322.20	,	-4.31E-01
322.40	,	-4.40E-01
322.60	,	-4.49E-01
322.80	,	-4.57E-01
323.00	,	-4.64E-01
323.20	,	-4.71E-01
323.40	,	-4.77E-01
323.60	,	-4.82E-01
323.80	,	-4.87E-01
324.00	,	-4.91E-01
324.20	,	-4.94E-01
324.40	,	-4.97E-01
324.60	,	-4.98E-01
324.80	,	-5.00E-01
325.00	,	-5.00E-01
325.20	,	-5.00E-01
325.40	,	-4.99E-01
325.60	,	-4.97E-01
325.80	,	-4.95E-01
326.00	,	-4.92E-01
326.20	,	-4.88E-01
326.40	,	-4.83E-01
326.60	,	-4.78E-01
326.80	,	-4.72E-01
327.00	,	-4.66E-01
327.20	,	-4.59E-01
327.40	,	-4.51E-01
327.60	,	-4.42E-01
327.80	,	-4.33E-01
328.00	,	-4.24E-01
328.20	,	-4.13E-01
328.40	,	-4.02E-01
328.60	,	-3.91E-01
328.80	,	-3.79E-01
329.00	,	-3.66E-01
329.20	,	-3.53E-01
329.40	,	-3.40E-01
329.60	,	-3.26E-01
329.80	,	-3.11E-01
330.00	,	-2.96E-01
330.20	,	-2.81E-01
330.40	,	-2.65E-01
330.60	,	-2.49E-01
330.80	,	-2.32E-01
331.00	,	-2.15E-01
331.20	,	-1.98E-01
331.40	,	-1.81E-01
331.60	,	-1.63E-01
331.80	,	-1.45E-01
332.00	,	-1.27E-01
332.20	,	-1.09E-01
332.40	,	-9.03E-02
332.60	,	-7.17E-02
332.80	,	-5.30E-02
333.00	,	-3.43E-02
333.20	,	-1.55E-02
333.40	,	3.38E-03
333.60	,	2.22E-02
333.80	,	4.10E-02
334.00	,	5.97E-02
334.20	,	7.84E-02
334.40	,	9.69E-02
334.60	,	1.15E-01
334.80	,	1.34E-01
335.00	,	1.52E-01
335.20	,	1.69E-01
335.40	,	1.87E-01
335.60	,	2.04E-01
335.80	,	2.21E-01
336.00	,	2.38E-01
336.20	,	2.55E-01
336.40	,	2.71E-01
336.60	,	2.86E-01
336.80	,	3.01E-01
337.00	,	3.16E-01
337.20	,	3.31E-01
337.40	,	3.45E-01
337.60	,	3.58E-01
337.80	,	3.71E-01
338.00	,	3.83E-01
338.20	,	3.95E-01
338.40	,	4.06E-01
338.60	,	4.17E-01
338.80	,	4.27E-01
339.00	,	4.37E-01
339.20	,	4.45E-01
339.40	,	4.54E-01
339.60	,	4.61E-01
339.80	,	4.68E-01
340.00	,	4.74E-01
340.20	,	4.80E-01
340.40	,	4.85E-01
340.60	,	4.89E-01
340.80	,	4.93E-01
341.00	,	4.96E-01
341.20	,	4.98E-01
341.40	,	4.99E-01
341.60	,	5.00E-01
341.80	,	5.00E-01
342.00	,	4.99E-01
342.20	,	4.98E-01
342.40	,	4.96E-01
342.60	,	4.93E-01
342.80	,	4.89E-01
343.00	,	4.85E-01
343.20	,	4.80E-01
343.40	,	4.75E-01
343.60	,	4.68E-01
343.80	,	4.62E-01
344.00	,	4.54E-01
344.20	,	4.46E-01
344.40	,	4.37E-01
344.60	,	4.27E-01
344.80	,	4.17E-01
345.00	,	4.07E-01
345.20	,	3.95E-01
345.40	,	3.84E-01
345.60	,	3.71E-01
345.80	,	3.58E-01
346.00	,	3.45E-01
346.20	,	3.31E-01
346.40	,	3.17E-01
346.60	,	3.02E-01
346.80	,	2.87E-01
347.00	,	2.71E-01
347.20	,	2.55E-01
347.40	,	2.39E-01
347.60	,	2.22E-01
347.80	,	2.05E-01
348.00	,	1.88E-01
348.20	,	1.70E-01
348.40	,	1.52E-01
348.60	,	1.34E-01
348.80	,	1.16E-01
349.00	,	9.75E-02
349.20	,	7.90E-02
349.40	,	6.03E-02
349.60	,	4.16E-02
349.80	,	2.28E-02
350.00	,	3.98E-03
350.20	,	-1.49E-02
350.40	,	-3.37E-02
350.60	,	-5.24E-02
350.80	,	-7.11E-02
351.00	,	-8.97E-02
351.20	,	-1.08E-01
351.40	,	-1.26E-01
351.60	,	-1.45E-01
351.80	,	-1.63E-01
352.00	,	-1.80E-01
352.20	,	-1.98E-01
352.40	,	-2.15E-01
352.60	,	-2.32E-01
352.80	,	-2.48E-01
353.00	,	-2.64E-01
353.20	,	-2.80E-01
353.40	,	-2.96E-01
353.60	,	-3.11E-01
353.80	,	-3.25E-01
354.00	,	-3.39E-01
354.20	,	-3.53E-01
354.40	,	-3.66E-01
354.60	,	-3.78E-01
354.80	,	-3.90E-01
355.00	,	-4.02E-01
355.20	,	-4.13E-01
355.40	,	-4.23E-01
355.60	,	-4.33E-01
355.80	,	-4.42E-01
356.00	,	-4.51E-01
356.20	,	-4.58E-01
356.40	,	-4.66E-01
356.60	,	-4.72E-01
356.80	,	-4.78E-01
357.00	,	-4.83E-01
357.20	,	-4.88E-01
357.40	,	-4.91E-01
357.60	,	-4.95E-01
357.80	,	-4.97E-01
358.00	,	-4.99E-01
358.20	,	-5.00E-01
358.40	,	-5.00E-01
358.60	,	-5.00E-01
358.80	,	-4.98E-01
359.00	,	-4.97E-01
359.20	,	-4.94E-01
359.40	,	-4.91E-01
359.60	,	-4.87E-01
359.80	,	-4.82E-01
360.00	,	-4.77E-01
360.20	,	-4.71E-01
360.40	,	-4.64E-01
360.60	,	-4.57E-01
360.80	,	-4.49E-01
361.00	,	-4.40E-01
361.20	,	-4.31E-01
361.40	,	-4.21E-01
361.60	,	-4.11E-01
361.80	,	-4.00E-01
362.00	,	-3.88E-01
362.20	,	-3.76E-01
362.40	,	-3.63E-01
362.60	,	-3.50E-01
362.80	,	-3.37E-01
363.00	,	-3.22E-01
363.20	,	-3.08E-01
363.40	,	-2.93E-01
363.60	,	-2.77E-01
363.80	,	-2.61E-01
364.00	,	-2.45E-01
364.20	,	-2.29E-01
364.40	,	-2.12E-01
364.60	,	-1.94E-01
364.80	,	-1.77E-01
365.00	,	-1.59E-01
365.20	,	-1.41E-01
365.40	,	-1.23E-01
365.60	,	-1.05E-01
365.80	,	-8.63E-02
366.00	,	-6.77E-02
366.20	,	-4.89E-02
366.40	,	-3.02E-02
366.60	,	-1.13E-02
366.80	,	7.49E-03
367.00	,	2.63E-02
367.20	,	4.51E-02
367.40	,	6.38E-02
367.60	,	8.25E-02
367.80	,	1.01E-01
368.00	,	1.19E-01
368.20	,	1.38E-01
368.40	,	1.56E-01
368.60	,	1.73E-01
368.80	,	1.91E-01
369.00	,	2.08E-01
369.20	,	2.25E-01
369.40	,	2.42E-01
369.60	,	2.58E-01
369.80	,	2.74E-01
370.00	,	2.90E-01
370.20	,	3.05E-01
370.40	,	3.19E-01
370.60	,	3.34E-01
370.80	,	3.48E-01
371.00	,	3.61E-01
371.20	,	3.74E-01
371.40	,	3.86E-01
371.60	,	3.98E-01
371.80	,	4.09E-01
372.00	,	4.19E-01
372.20	,	4.29E-01
372.40	,	4.39E-01
372.60	,	4.47E-01
372.80	,	4.55E-01
373.00	,	4.63E-01
373.20	,	4.70E-01
373.40	,	4.76E-01
373.60	,	4.81E-01
373.80	,	4.86E-01
374.00	,	4.90E-01
374.20	,	4.93E-01
374.40	,	4.96E-01
374.60	,	4.98E-01
374.80	,	4.99E-01
375.00	,	5.00E-01
375.20	,	5.00E-01
375.40	,	4.99E-01
375.60	,	4.97E-01
375.80	,	4.95E-01
376.00	,	4.92E-01
376.20	,	4.89E-01
376.40	,	4.84E-01
376.60	,	4.79E-01
376.80	,	4.73E-01
377.00	,	4.67E-01
377.20	,	4.60E-01
377.40	,	4.52E-01
377.60	,	4.44E-01
377.80	,	4.35E-01
378.00	,	4.25E-01
378.20	,	4.15E-01
378.40	,	4.04E-01
378.60	,	3.93E-01
378.80	,	3.81E-01
379.00	,	3.68E-01
379.20	,	3.55E-01
379.40	,	3.42E-01
379.60	,	3.28E-01
379.80	,	3.14E-01
380.00	,	2.99E-01
380.20	,	2.83E-01
380.40	,	2.68E-01
380.60	,	2.52E-01
380.80	,	2.35E-01
381.00	,	2.18E-01
381.20	,	2.01E-01
381.40	,	1.84E-01
381.60	,	1.66E-01
381.80	,	1.48E-01
382.00	,	1.30E-01
382.20	,	1.12E-01
382.40	,	9.35E-02
382.60	,	7.49E-02
382.80	,	5.63E-02
383.00	,	3.75E-02
383.20	,	1.87E-02
383.40	,	-1.22E-04
383.60	,	-1.90E-02
383.80	,	-3.78E-02
384.00	,	-5.65E-02
384.20	,	-7.52E-02
384.40	,	-9.37E-02
384.60	,	-1.12E-01
384.80	,	-1.30E-01
385.00	,	-1.49E-01
385.20	,	-1.66E-01
385.40	,	-1.84E-01
385.60	,	-2.01E-01
385.80	,	-2.19E-01
386.00	,	-2.35E-01
386.20	,	-2.52E-01
386.40	,	-2.68E-01
386.60	,	-2.84E-01
386.80	,	-2.99E-01
387.00	,	-3.14E-01
387.20	,	-3.28E-01
387.40	,	-3.42E-01
387.60	,	-3.56E-01
387.80	,	-3.69E-01
388.00	,	-3.81E-01
388.20	,	-3.93E-01
388.40	,	-4.04E-01
388.60	,	-4.15E-01
388.80	,	-4.25E-01
389.00	,	-4.35E-01
389.20	,	-4.44E-01
389.40	,	-4.52E-01
389.60	,	-4.60E-01
389.80	,	-4.67E-01
390.00	,	-4.73E-01
390.20	,	-4.79E-01
390.40	,	-4.84E-01
390.60	,	-4.89E-01
390.80	,	-4.92E-01
391.00	,	-4.95E-01
391.20	,	-4.97E-01
391.40	,	-4.99E-01
391.60	,	-5.00E-01
391.80	,	-5.00E-01
392.00	,	-4.99E-01
392.20	,	-4.98E-01
392.40	,	-4.96E-01
392.60	,	-4.93E-01
392.80	,	-4.90E-01
393.00	,	-4.86E-01
393.20	,	-4.81E-01
393.40	,	-4.76E-01
393.60	,	-4.70E-01
393.80	,	-4.63E-01
394.00	,	-4.55E-01
394.20	,	-4.47E-01
394.40	,	-4.38E-01
394.60	,	-4.29E-01
394.80	,	-4.19E-01
395.00	,	-4.09E-01
395.20	,	-3.97E-01
395.40	,	-3.86E-01
395.60	,	-3.73E-01
395.80	,	-3.61E-01
396.00	,	-3.47E-01
396.20	,	-3.34E-01
396.40	,	-3.19E-01
396.60	,	-3.05E-01
396.80	,	-2.89E-01
397.00	,	-2.74E-01
397.20	,	-2.58E-01
397.40	,	-2.42E-01
397.60	,	-2.25E-01
397.80	,	-2.08E-01
398.00	,	-1.91E-01
398.20	,	-1.73E-01
398.40	,	-1.55E-01
398.60	,	-1.37E-01
398.80	,	-1.19E-01
399.00	,	-1.01E-01
399.20	,	-8.22E-02
399.40	,	-6.36E-02
399.60	,	-4.49E-02
399.80	,	-2.61E-02
400.00	,	-7.24E-03
400.20	,	1.16E-02
400.40	,	3.04E-02
400.60	,	4.92E-02
400.80	,	6.79E-02
401.00	,	8.65E-02
401.20	,	1.05E-01
401.40	,	1.23E-01
401.60	,	1.41E-01
401.80	,	1.59E-01
402.00	,	1.77E-01
402.20	,	1.95E-01
402.40	,	2.12E-01
402.60	,	2.29E-01
402.80	,	2.45E-01
403.00	,	2.62E-01
403.20	,	2.77E-01
403.40	,	2.93E-01
403.60	,	3.08E-01
403.80	,	3.23E-01
404.00	,	3.37E-01
404.20	,	3.50E-01
404.40	,	3.64E-01
404.60	,	3.76E-01
404.80	,	3.88E-01
405.00	,	4.00E-01
405.20	,	4.11E-01
405.40	,	4.21E-01
405.60	,	4.31E-01
405.80	,	4.41E-01
406.00	,	4.49E-01
406.20	,	4.57E-01
406.40	,	4.64E-01
406.60	,	4.71E-01
406.80	,	4.77E-01
407.00	,	4.82E-01
407.20	,	4.87E-01
407.40	,	4.91E-01
407.60	,	4.94E-01
407.80	,	4.97E-01
408.00	,	4.98E-01
408.20	,	5.00E-01
408.40	,	5.00E-01
408.60	,	5.00E-01
408.80	,	4.99E-01
409.00	,	4.97E-01
409.20	,	4.95E-01
409.40	,	4.91E-01
409.60	,	4.88E-01
409.80	,	4.83E-01
410.00	,	4.78E-01
410.20	,	4.72E-01
410.40	,	4.65E-01
410.60	,	4.58E-01
410.80	,	4.50E-01
411.00	,	4.42E-01
411.20	,	4.33E-01
411.40	,	4.23E-01
411.60	,	4.13E-01
411.80	,	4.02E-01
412.00	,	3.90E-01
412.20	,	3.78E-01
412.40	,	3.66E-01
412.60	,	3.53E-01
412.80	,	3.39E-01
413.00	,	3.25E-01
413.20	,	3.10E-01
413.40	,	2.95E-01
413.60	,	2.80E-01
413.80	,	2.64E-01
414.00	,	2.48E-01
414.20	,	2.31E-01
414.40	,	2.15E-01
414.60	,	1.97E-01
414.80	,	1.80E-01
415.00	,	1.62E-01
415.20	,	1.44E-01
415.40	,	1.26E-01
415.60	,	1.08E-01
415.80	,	8.95E-02
416.00	,	7.09E-02
416.20	,	5.22E-02
416.40	,	3.34E-02
416.60	,	1.46E-02
416.80	,	-4.23E-03
417.00	,	-2.31E-02
417.20	,	-4.19E-02
417.40	,	-6.06E-02
417.60	,	-7.92E-02
417.80	,	-9.78E-02
418.00	,	-1.16E-01
418.20	,	-1.34E-01
418.40	,	-1.52E-01
418.60	,	-1.70E-01
418.80	,	-1.88E-01
419.00	,	-2.05E-01
419.20	,	-2.22E-01
419.40	,	-2.39E-01
419.60	,	-2.55E-01
419.80	,	-2.71E-01
420.00	,	-2.87E-01
420.20	,	-3.02E-01
420.40	,	-3.17E-01
420.60	,	-3.31E-01
420.80	,	-3.45E-01
421.00	,	-3.59E-01
421.20	,	-3.71E-01
421.40	,	-3.84E-01
421.60	,	-3.96E-01
421.80	,	-4.07E-01
422.00	,	-4.17E-01
422.20	,	-4.28E-01
422.40	,	-4.37E-01
422.60	,	-4.46E-01
422.80	,	-4.54E-01
423.00	,	-4.62E-01
423.20	,	-4.69E-01
423.40	,	-4.75E-01
423.60	,	-4.80E-01
423.80	,	-4.85E-01
424.00	,	-4.89E-01
424.20	,	-4.93E-01
424.40	,	-4.96E-01
424.60	,	-4.98E-01
424.80	,	-4.99E-01
425.00	,	-5.00E-01
425.20	,	-5.00E-01
425.40	,	-4.99E-01
425.60	,	-4.98E-01
425.80	,	-4.96E-01
426.00	,	-4.93E-01
426.20	,	-4.89E-01
426.40	,	-4.85E-01
426.60	,	-4.80E-01
426.80	,	-4.74E-01
427.00	,	-4.68E-01
427.20	,	-4.61E-01
427.40	,	-4.54E-01
427.60	,	-4.45E-01
427.80	,	-4.36E-01
428.00	,	-4.27E-01
428.20	,	-4.17E-01
428.40	,	-4.06E-01
428.60	,	-3.95E-01
428.80	,	-3.83E-01
429.00	,	-3.71E-01
429.20	,	-3.58E-01
429.40	,	-3.44E-01
429.60	,	-3.30E-01
429.80	,	-3.16E-01
430.00	,	-3.01E-01
430.20	,	-2.86E-01
430.40	,	-2.70E-01
430.60	,	-2.54E-01
430.80	,	-2.38E-01
431.00	,	-2.21E-01
431.20	,	-2.04E-01
431.40	,	-1.87E-01
431.60	,	-1.69E-01
431.80	,	-1.51E-01
432.00	,	-1.33E-01
432.20	,	-1.15E-01
432.40	,	-9.67E-02
432.60	,	-7.82E-02
432.80	,	-5.95E-02
433.00	,	-4.08E-02
433.20	,	-2.20E-02
433.40	,	-3.14E-03
433.60	,	1.57E-02
433.80	,	3.45E-02
434.00	,	5.33E-02
434.20	,	7.20E-02
434.40	,	9.05E-02
434.60	,	1.09E-01
434.80	,	1.27E-01
435.00	,	1.45E-01
435.20	,	1.63E-01
435.40	,	1.81E-01
435.60	,	1.98E-01
435.80	,	2.16E-01
436.00	,	2.32E-01
436.20	,	2.49E-01
436.40	,	2.65E-01
436.60	,	2.81E-01
436.80	,	2.96E-01
437.00	,	3.11E-01
437.20	,	3.26E-01
437.40	,	3.40E-01
437.60	,	3.53E-01
437.80	,	3.66E-01
438.00	,	3.79E-01
438.20	,	3.91E-01
438.40	,	4.02E-01
438.60	,	4.13E-01
438.80	,	4.24E-01
439.00	,	4.33E-01
439.20	,	4.42E-01
439.40	,	4.51E-01
439.60	,	4.59E-01
439.80	,	4.66E-01
440.00	,	4.72E-01
440.20	,	4.78E-01
440.40	,	4.83E-01
440.60	,	4.88E-01
440.80	,	4.92E-01
441.00	,	4.95E-01
441.20	,	4.97E-01
441.40	,	4.99E-01
441.60	,	5.00E-01
441.80	,	5.00E-01
442.00	,	5.00E-01
442.20	,	4.98E-01
442.40	,	4.97E-01
442.60	,	4.94E-01
442.80	,	4.91E-01
443.00	,	4.87E-01
443.20	,	4.82E-01
443.40	,	4.77E-01
443.60	,	4.71E-01
443.80	,	4.64E-01
444.00	,	4.57E-01
444.20	,	4.49E-01
444.40	,	4.40E-01
444.60	,	4.31E-01
444.80	,	4.21E-01
445.00	,	4.10E-01
445.20	,	3.99E-01
445.40	,	3.88E-01
445.60	,	3.76E-01
445.80	,	3.63E-01
446.00	,	3.50E-01
446.20	,	3.36E-01
446.40	,	3.22E-01
446.60	,	3.07E-01
446.80	,	2.92E-01
447.00	,	2.77E-01
447.20	,	2.61E-01
447.40	,	2.44E-01
447.60	,	2.28E-01
447.80	,	2.11E-01
448.00	,	1.94E-01
448.20	,	1.76E-01
448.40	,	1.58E-01
448.60	,	1.40E-01
448.80	,	1.22E-01
449.00	,	1.04E-01
449.20	,	8.54E-02
449.40	,	6.68E-02
449.60	,	4.81E-02
449.80	,	2.93E-02
450.00	,	1.05E-02
450.20	,	-8.33E-03
450.40	,	-2.72E-02
450.60	,	-4.59E-02
450.80	,	-6.47E-02
451.00	,	-8.33E-02
451.20	,	-1.02E-01
451.40	,	-1.20E-01
451.60	,	-1.38E-01
451.80	,	-1.56E-01
452.00	,	-1.74E-01
452.20	,	-1.92E-01
452.40	,	-2.09E-01
452.60	,	-2.26E-01
452.80	,	-2.43E-01
453.00	,	-2.59E-01
453.20	,	-2.75E-01
453.40	,	-2.90E-01
453.60	,	-3.05E-01
453.80	,	-3.20E-01
454.00	,	-3.34E-01
454.20	,	-3.48E-01
454.40	,	-3.61E-01
454.60	,	-3.74E-01
454.80	,	-3.86E-01
455.00	,	-3.98E-01
455.20	,	-4.09E-01
455.40	,	-4.20E-01
455.60	,	-4.30E-01
455.80	,	-4.39E-01
456.00	,	-4.48E-01
456.20	,	-4.56E-01
456.40	,	-4.63E-01
456.60	,	-4.70E-01
456.80	,	-4.76E-01
457.00	,	-4.81E-01
457.20	,	-4.86E-01
457.40	,	-4.90E-01
457.60	,	-4.94E-01
457.80	,	-4.96E-01
458.00	,	-4.98E-01
458.20	,	-4.99E-01
458.40	,	-5.00E-01
458.60	,	-5.00E-01
458.80	,	-4.99E-01
459.00	,	-4.97E-01
459.20	,	-4.95E-01
459.40	,	-4.92E-01
459.60	,	-4.88E-01
459.80	,	-4.84E-01
460.00	,	-4.79E-01
460.20	,	-4.73E-01
460.40	,	-4.67E-01
460.60	,	-4.60E-01
460.80	,	-4.52E-01
461.00	,	-4.43E-01
461.20	,	-4.34E-01
461.40	,	-4.25E-01
461.60	,	-4.15E-01
461.80	,	-4.04E-01
462.00	,	-3.92E-01
462.20	,	-3.80E-01
462.40	,	-3.68E-01
462.60	,	-3.55E-01
462.80	,	-3.41E-01
463.00	,	-3.27E-01
463.20	,	-3.13E-01
463.40	,	-2.98E-01
463.60	,	-2.83E-01
463.80	,	-2.67E-01
464.00	,	-2.51E-01
464.20	,	-2.34E-01
464.40	,	-2.18E-01
464.60	,	-2.00E-01
464.80	,	-1.83E-01
465.00	,	-1.65E-01
465.20	,	-1.47E-01
465.40	,	-1.29E-01
465.60	,	-1.11E-01
465.80	,	-9.27E-02
466.00	,	-7.41E-02
466.20	,	-5.54E-02
466.40	,	-3.67E-02
466.60	,	-1.79E-02
466.80	,	9.67E-04
467.00	,	1.98E-02
467.20	,	3.86E-02
467.40	,	5.73E-02
467.60	,	7.60E-02
467.80	,	9.46E-02
468.00	,	1.13E-01
468.20	,	1.31E-01
468.40	,	1.49E-01
468.60	,	1.67E-01
468.80	,	1.85E-01
469.00	,	2.02E-01
469.20	,	2.19E-01
469.40	,	2.36E-01
469.60	,	2.52E-01
469.80	,	2.69E-01
470.00	,	2.84E-01
470.20	,	3.00E-01
470.40	,	3.14E-01
470.60	,	3.29E-01
470.80	,	3.43E-01
471.00	,	3.56E-01
471.20	,	3.69E-01
471.40	,	3.82E-01
471.60	,	3.94E-01
471.80	,	4.05E-01
472.00	,	4.16E-01
472.20	,	4.26E-01
472.40	,	4.35E-01
472.60	,	4.44E-01
472.80	,	4.53E-01
473.00	,	4.60E-01
473.20	,	4.67E-01
473.40	,	4.74E-01
473.60	,	4.79E-01
473.80	,	4.84E-01
474.00	,	4.89E-01
474.20	,	4.92E-01
474.40	,	4.95E-01
474.60	,	4.98E-01
474.80	,	4.99E-01
475.00	,	5.00E-01
475.20	,	5.00E-01
475.40	,	4.99E-01
475.60	,	4.98E-01
475.80	,	4.96E-01
476.00	,	4.93E-01
476.20	,	4.90E-01
476.40	,	4.86E-01
476.60	,	4.81E-01
476.80	,	4.75E-01
477.00	,	4.69E-01
477.20	,	4.62E-01
477.40	,	4.55E-01
477.60	,	4.47E-01
477.80	,	4.38E-01
478.00	,	4.29E-01
478.20	,	4.19E-01
478.40	,	4.08E-01
478.60	,	3.97E-01
478.80	,	3.85E-01
479.00	,	3.73E-01
479.20	,	3.60E-01
479.40	,	3.47E-01
479.60	,	3.33E-01
479.80	,	3.19E-01
480.00	,	3.04E-01
480.20	,	2.89E-01
480.40	,	2.73E-01
480.60	,	2.57E-01
480.80	,	2.41E-01
481.00	,	2.24E-01
481.20	,	2.07E-01
481.40	,	1.90E-01
481.60	,	1.72E-01
481.80	,	1.55E-01
482.00	,	1.36E-01
482.20	,	1.18E-01
482.40	,	9.99E-02
482.60	,	8.14E-02
482.80	,	6.27E-02
483.00	,	4.40E-02
483.20	,	2.52E-02
483.40	,	6.40E-03
483.60	,	-1.24E-02
483.80	,	-3.13E-02
484.00	,	-5.00E-02
484.20	,	-6.87E-02
484.40	,	-8.73E-02
484.60	,	-1.06E-01
484.80	,	-1.24E-01
485.00	,	-1.42E-01
485.20	,	-1.60E-01
485.40	,	-1.78E-01
485.60	,	-1.95E-01
485.80	,	-2.13E-01
486.00	,	-2.30E-01
486.20	,	-2.46E-01
486.40	,	-2.62E-01
486.60	,	-2.78E-01
486.80	,	-2.94E-01
487.00	,	-3.09E-01
487.20	,	-3.23E-01
487.40	,	-3.37E-01
487.60	,	-3.51E-01
487.80	,	-3.64E-01
488.00	,	-3.77E-01
488.20	,	-3.89E-01
488.40	,	-4.01E-01
488.60	,	-4.12E-01
488.80	,	-4.22E-01
489.00	,	-4.32E-01
489.20	,	-4.41E-01
489.40	,	-4.49E-01
489.60	,	-4.57E-01
489.80	,	-4.65E-01
490.00	,	-4.71E-01
490.20	,	-4.77E-01
490.40	,	-4.83E-01
490.60	,	-4.87E-01
490.80	,	-4.91E-01
491.00	,	-4.94E-01
491.20	,	-4.97E-01
491.40	,	-4.99E-01
491.60	,	-5.00E-01
491.80	,	-5.00E-01
492.00	,	-5.00E-01
492.20	,	-4.99E-01
492.40	,	-4.97E-01
492.60	,	-4.94E-01
492.80	,	-4.91E-01
493.00	,	-4.87E-01

